0.397,0.557,0.751,0.851,0.912,1.004,0.924,0.892,0.786,0.038,0.195,1
0.329,0.342,0.667,0.365,0.334,0.402,0.507,0.554,0.438,0.014,0.117,1
0.251,0.344,0.342,0.312,0.37,0.373,0.439,0.519,0.369,0.006,0.076,1
0.513,0.711,1.079,1.648,1.941,2.521,1.306,1.528,1.406,0.375,0.612,1
1.619,1.734,0.489,0.477,1.463,1.649,0.432,0.739,1.075,0.305,0.552,1
1.071,1.166,0.611,0.733,0.921,1.113,0.861,0.782,0.907,0.034,0.184,1
0.136,0.098,0.137,0.106,0.129,0.122,0.127,0.228,0.135,0.001,0.037,1
1.97,1.895,1.857,2.483,2.476,1.887,2.122,1.924,2.077,0.06,0.245,1
0.075,0.148,0.235,0.356,0.332,0.577,0.372,1.794,0.486,0.265,0.515,1
2.851,2.846,0.247,0.196,0.191,0.472,0.33,1.251,1.048,1.184,1.088,1
0.873,0.985,1.327,3.264,4.606,1.632,1.202,1.883,1.972,1.49,1.221,1
0.02,0.021,0.069,0.042,0.017,0.017,0.019,0.069,0.034,0.0,0.021,1
0.091,0.343,0.363,0.478,0.805,0.683,0.595,0.507,0.483,0.043,0.208,1
0.446,0.39,0.354,0.392,0.575,0.355,0.401,0.549,0.433,0.006,0.08,1
0.022,0.022,0.103,0.119,0.021,0.022,0.022,0.079,0.051,0.002,0.039,1
0.534,0.211,0.199,0.308,0.167,0.191,0.41,1.106,0.391,0.087,0.295,1
0.318,0.466,0.438,0.793,0.493,0.468,0.819,0.575,0.546,0.027,0.164,1
0.371,0.722,0.744,0.797,0.947,1.766,2.688,1.312,1.168,0.486,0.697,1
2.061,2.113,2.106,2.114,2.223,2.074,2.175,2.186,2.132,0.003,0.053,1
1.23,1.006,0.618,1.688,0.817,0.535,0.533,0.48,0.863,0.158,0.397,1
1.271,1.272,1.281,1.399,3.559,3.531,3.543,3.572,2.428,1.262,1.123,1
0.136,0.37,0.703,0.613,0.479,0.423,0.373,0.55,0.456,0.027,0.163,1
0.718,0.758,0.632,0.535,0.582,0.496,0.565,0.478,0.595,0.009,0.094,1
0.747,0.709,0.66,0.751,0.873,0.717,2.317,2.151,1.116,0.422,0.65,1
0.137,0.125,0.254,0.145,0.13,0.255,0.177,0.574,0.225,0.02,0.141,1
1.172,1.224,1.874,2.969,1.228,1.425,2.516,1.505,1.739,0.392,0.626,1
0.075,0.115,0.054,0.211,0.296,0.497,0.579,0.432,0.282,0.036,0.189,1
1.161,1.071,1.496,2.003,1.205,1.313,1.234,1.145,1.328,0.079,0.282,1
0.224,0.262,0.217,0.194,0.199,0.187,0.206,0.179,0.209,0.001,0.025,1
1.549,1.291,1.404,1.494,2.924,2.512,2.14,5.369,2.335,1.613,1.27,1
0.406,0.409,0.413,0.414,0.411,0.414,0.461,0.718,0.456,0.01,0.1,1
0.247,0.236,0.224,0.273,0.299,0.313,0.308,0.481,0.298,0.006,0.076,1
0.751,0.933,1.078,1.332,0.73,0.848,0.783,0.807,0.908,0.037,0.192,1
0.461,0.608,0.638,0.421,0.359,0.636,0.406,0.402,0.491,0.012,0.109,1
0.299,0.238,0.239,0.239,0.351,0.372,0.238,0.254,0.279,0.003,0.052,1
0.083,0.058,0.044,0.156,0.184,0.136,0.036,0.109,0.101,0.003,0.051,1
0.674,0.529,0.616,0.64,1.104,0.791,0.665,0.943,0.745,0.032,0.179,1
0.397,0.395,0.391,0.416,0.577,0.764,0.713,0.825,0.56,0.03,0.173,1
0.213,0.184,0.334,0.588,0.602,1.766,0.566,2.488,0.843,0.606,0.778,1
0.06,0.063,0.148,0.088,0.462,0.667,0.514,0.485,0.311,0.053,0.23,1
0.022,0.021,0.021,0.021,0.021,0.022,0.023,0.028,0.022,0.0,0.002,1
0.83,0.846,0.831,0.829,0.866,0.825,0.816,0.825,0.833,0.0,0.015,1
0.103,0.134,0.081,0.31,0.433,0.559,0.367,0.354,0.293,0.026,0.161,1
1.803,1.847,2.101,0.605,0.807,0.589,0.91,0.585,1.156,0.365,0.604,1
0.388,0.425,0.454,0.434,0.333,0.698,0.211,0.216,0.395,0.021,0.145,1
0.06,0.059,0.059,0.059,0.059,0.059,0.059,0.059,0.059,0.0,0.0,1
0.692,0.703,0.828,2.404,2.905,4.034,6.188,3.383,2.642,3.255,1.804,1
0.271,0.304,0.278,0.225,0.363,0.22,0.311,0.481,0.307,0.006,0.079,1
0.733,0.739,0.721,0.724,0.745,0.35,0.291,0.371,0.584,0.037,0.193,1
0.096,0.044,0.132,0.238,0.462,0.696,0.585,1.912,0.521,0.327,0.571,1
0.766,0.731,0.748,0.718,0.759,0.735,0.771,0.737,0.746,0.0,0.017,1
0.661,0.78,0.801,0.855,0.989,1.466,1.347,0.978,0.985,0.07,0.265,1
0.501,0.374,0.378,0.455,0.515,0.512,0.486,1.867,0.636,0.219,0.468,1
0.258,0.25,0.249,0.263,0.255,0.244,0.274,0.243,0.254,0.0,0.01,1
0.816,0.848,0.841,0.556,0.499,0.538,0.574,0.586,0.657,0.02,0.14,1
0.35,0.318,0.324,1.717,1.657,5.122,1.152,0.829,1.434,2.229,1.493,1
0.301,0.359,0.297,0.358,0.319,0.334,0.352,0.313,0.329,0.001,0.024,1
0.227,0.283,0.39,0.367,0.41,0.606,0.732,0.375,0.424,0.024,0.156,1
0.111,0.122,0.096,0.142,0.365,2.698,0.343,0.324,0.525,0.686,0.828,1
3.037,3.109,4.322,2.124,1.963,1.995,1.959,2.017,2.566,0.644,0.803,1
0.271,0.265,0.236,0.423,0.496,0.571,0.542,0.474,0.41,0.016,0.125,1
0.015,0.027,0.057,0.039,0.021,0.051,0.045,0.024,0.035,0.0,0.014,1
0.743,0.759,0.681,0.746,0.727,0.625,0.554,0.605,0.68,0.005,0.072,1
13.191,13.208,10.253,0.254,0.346,0.305,0.302,0.352,4.776,33.945,5.826,1
0.368,0.337,0.33,0.421,0.426,0.441,0.316,0.459,0.387,0.003,0.052,1
0.167,0.236,0.099,0.23,0.333,0.346,2.168,0.282,0.483,0.412,0.642,1
0.241,0.328,0.261,0.463,0.87,0.925,1.153,0.53,0.596,0.103,0.321,1
0.014,0.038,0.018,0.022,0.098,2.283,0.325,0.296,0.387,0.528,0.726,1
0.475,0.618,0.716,0.83,0.951,0.938,0.824,0.92,0.784,0.025,0.159,1
0.237,0.287,0.223,0.235,0.234,0.325,0.409,0.377,0.291,0.005,0.067,1
0.261,0.504,0.21,0.212,0.211,0.281,0.212,0.509,0.3,0.015,0.122,1
3.665,4.34,3.905,3.776,3.938,3.744,3.216,2.719,3.663,0.213,0.461,1
0.69,0.581,0.73,0.907,0.963,0.954,1.035,3.498,1.17,0.796,0.892,1
0.22,0.268,0.401,2.193,2.4,2.41,1.564,0.198,1.207,0.937,0.968,1
0.677,0.877,0.81,0.862,0.867,1.2,0.899,0.464,0.832,0.038,0.195,1
0.424,0.448,0.369,3.619,3.873,1.231,0.53,0.86,1.419,1.879,1.371,1
0.048,0.006,0.006,0.056,0.037,0.006,0.006,0.069,0.029,0.001,0.025,1
0.565,0.774,0.565,0.63,0.829,0.744,0.412,0.443,0.62,0.02,0.143,1
0.355,0.315,3.769,4.275,10.253,8.559,2.673,2.512,4.089,11.349,3.369,1
0.138,0.161,0.153,0.141,0.181,0.156,0.132,0.156,0.152,0.0,0.014,1
0.502,0.604,0.673,0.753,0.532,0.86,1.153,1.111,0.774,0.055,0.234,1
1.469,1.348,1.364,2.235,1.95,2.051,1.974,1.846,1.78,0.101,0.318,1
0.513,0.368,0.628,0.718,0.307,0.639,1.039,0.484,0.587,0.046,0.215,1
0.15,0.14,0.141,0.141,0.173,0.234,0.409,0.488,0.234,0.017,0.128,1
0.246,0.261,0.245,0.555,0.831,0.79,0.837,0.661,0.553,0.063,0.25,1
9.023,9.006,0.057,0.057,0.057,0.058,0.057,0.057,2.296,15.044,3.879,1
0.452,0.25,0.324,0.251,0.439,0.467,0.326,0.251,0.345,0.008,0.089,1
0.108,0.065,0.11,0.066,0.11,0.066,0.11,0.074,0.089,0.0,0.021,1
3.0,2.149,0.865,1.068,0.634,0.563,0.56,0.723,1.195,0.704,0.839,1
0.317,0.444,0.41,0.532,0.503,0.537,0.46,0.533,0.467,0.005,0.072,1
1.174,1.296,1.4,1.188,1.177,0.883,1.016,0.935,1.134,0.027,0.166,1
0.253,0.154,0.222,0.247,0.246,0.195,0.368,0.464,0.269,0.009,0.094,1
0.212,0.194,0.221,0.191,0.302,0.26,0.227,0.177,0.223,0.001,0.038,1
1.466,1.45,1.764,1.518,1.491,1.496,1.502,1.453,1.518,0.009,0.096,1
0.396,0.394,0.502,0.477,0.537,0.588,0.92,1.101,0.614,0.058,0.241,1
0.219,0.276,0.236,0.221,0.214,0.214,0.279,0.265,0.24,0.001,0.026,1
0.016,0.016,0.032,0.043,0.016,0.016,0.016,0.016,0.021,0.0,0.01,1
0.658,1.536,1.376,1.472,1.135,3.932,2.759,2.388,1.907,0.978,0.989,1
0.157,0.227,0.255,0.284,0.136,0.191,0.157,0.137,0.193,0.003,0.053,1
0.831,0.999,1.955,0.908,0.861,0.706,0.808,0.819,0.986,0.14,0.375,1
0.26,0.275,0.311,0.258,0.263,0.292,0.328,0.332,0.29,0.001,0.029,1
1.374,1.36,1.469,1.386,2.167,2.458,2.818,2.63,1.958,0.344,0.586,1
0.595,0.593,0.609,0.607,0.609,0.594,0.632,0.589,0.603,0.0,0.013,1
0.167,0.164,0.163,0.161,0.162,0.162,0.16,0.161,0.162,0.0,0.002,1
0.317,0.444,0.41,0.532,0.503,0.537,0.46,0.533,0.467,0.005,0.072,1
0.142,0.103,0.109,0.189,0.139,0.106,0.112,0.187,0.136,0.001,0.033,1
0.058,0.072,0.075,0.073,0.078,0.064,0.074,0.073,0.071,0.0,0.006,1
0.799,0.887,0.923,0.691,1.128,1.159,1.249,1.142,0.997,0.035,0.187,1
0.441,0.503,0.598,0.547,0.972,0.912,0.92,1.223,0.764,0.068,0.262,1
0.038,0.113,0.46,0.459,0.458,0.461,0.466,0.487,0.368,0.029,0.17,1
1.976,2.177,2.133,1.496,1.354,1.469,1.746,2.2,1.819,0.106,0.325,1
1.005,1.151,1.114,1.185,1.073,1.693,1.657,1.466,1.293,0.065,0.254,1
1.099,1.137,1.237,1.183,1.161,0.847,1.124,0.873,1.083,0.018,0.134,1
0.297,0.313,0.436,0.432,0.415,0.275,0.263,0.262,0.337,0.005,0.072,1
0.435,0.281,0.209,0.474,0.298,0.456,0.653,0.844,0.456,0.038,0.196,1
0.504,0.61,0.683,0.753,0.756,0.771,0.773,0.771,0.703,0.009,0.092,1
0.131,0.137,0.059,0.098,0.245,0.233,0.184,0.233,0.165,0.004,0.065,1
0.974,1.144,1.647,0.796,0.778,0.878,0.835,0.699,0.969,0.082,0.286,1
0.281,0.283,0.263,0.253,0.319,0.427,0.442,1.348,0.452,0.119,0.345,1
0.966,1.064,1.364,1.092,1.2,2.577,4.014,2.328,1.826,1.008,1.004,1
0.245,0.252,0.694,0.43,0.546,1.932,3.443,0.989,1.066,1.069,1.034,1
0.099,0.111,0.299,0.207,0.222,0.114,0.243,0.227,0.19,0.005,0.069,1
0.033,0.033,0.03,0.062,0.065,0.03,0.03,0.03,0.039,0.0,0.014,1
1.059,1.366,2.375,2.707,1.409,1.754,2.245,3.507,2.053,0.581,0.762,1
1.289,0.559,0.564,0.498,0.587,0.833,0.797,0.811,0.742,0.058,0.241,1
0.833,0.466,0.452,0.459,0.68,1.727,0.337,0.36,0.664,0.186,0.431,1
0.318,0.336,0.308,0.325,0.354,0.394,0.365,0.38,0.348,0.001,0.029,1
0.105,0.126,0.072,0.099,0.16,0.158,0.075,0.152,0.118,0.001,0.034,1
0.316,0.356,1.388,0.374,0.354,0.387,0.194,0.224,0.449,0.13,0.361,1
0.307,0.328,0.256,0.331,0.347,0.493,0.407,1.391,0.482,0.122,0.35,1
0.303,0.419,0.439,0.453,0.471,0.972,0.759,0.572,0.548,0.041,0.203,1
2.9,2.931,4.294,1.927,1.649,1.593,1.679,1.577,2.319,0.838,0.915,1
1.881,1.572,2.974,2.937,2.817,2.951,3.197,3.426,2.719,0.365,0.604,1
1.076,1.279,3.148,1.382,2.682,1.978,2.219,2.151,1.989,0.451,0.672,1
0.144,0.401,0.466,0.4,0.512,0.712,0.652,0.864,0.519,0.043,0.208,1
1.997,1.988,2.486,1.866,1.705,2.484,3.35,2.044,2.24,0.242,0.492,1
0.189,0.203,0.262,0.284,0.35,0.231,0.217,0.177,0.239,0.003,0.054,1
0.308,0.396,0.434,0.457,0.499,1.248,1.078,1.106,0.691,0.128,0.358,1
0.09,0.164,0.155,0.092,0.092,0.12,0.175,0.118,0.126,0.001,0.032,1
0.458,0.726,0.793,0.634,0.567,0.614,0.66,0.57,0.628,0.009,0.096,1
1.293,2.515,3.281,5.321,4.277,4.178,5.17,5.081,3.89,1.793,1.339,1
0.417,0.394,0.412,0.371,0.418,0.402,0.463,0.893,0.471,0.026,0.161,1
0.169,0.167,0.08,0.08,0.502,0.724,0.788,1.29,0.475,0.166,0.407,1
0.258,0.25,0.249,0.263,0.255,0.244,0.274,0.243,0.254,0.0,0.01,1
0.473,0.625,0.563,0.544,1.876,4.484,1.532,0.17,1.283,1.757,1.325,1
0.23,0.115,0.103,0.125,0.126,0.128,0.126,0.126,0.135,0.001,0.037,1
0.578,0.583,0.693,0.692,0.578,0.588,0.554,0.566,0.604,0.003,0.052,1
0.111,0.163,1.382,0.436,1.237,0.807,0.936,0.334,0.676,0.207,0.455,1
0.1,0.1,0.162,0.233,0.24,0.177,0.099,0.098,0.151,0.003,0.057,1
1.277,2.036,1.124,1.111,1.44,1.385,1.668,1.358,1.425,0.081,0.285,1
0.798,0.699,0.743,0.896,0.667,0.616,0.807,0.766,0.749,0.007,0.083,1
0.936,0.701,0.785,0.839,1.092,0.712,0.771,0.809,0.831,0.015,0.121,1
0.754,0.771,0.749,0.75,0.745,0.746,0.734,0.949,0.775,0.004,0.067,1
0.423,0.424,0.464,0.584,0.629,0.72,0.663,1.14,0.631,0.048,0.219,1
1.509,1.656,1.655,1.64,2.697,3.145,4.516,2.976,2.474,0.986,0.993,1
0.048,0.048,0.047,0.047,0.047,0.048,0.048,0.048,0.048,0.0,0.0,1
0.119,0.335,0.63,0.771,0.822,0.794,4.853,2.352,1.334,2.158,1.469,1
0.282,0.232,0.272,0.235,0.253,0.287,0.241,0.275,0.26,0.0,0.021,1
0.102,0.064,0.123,0.079,0.067,0.1,0.064,0.101,0.088,0.0,0.021,1
0.965,1.078,0.883,1.043,0.851,0.994,0.863,1.099,0.972,0.008,0.092,1
0.215,0.212,0.21,0.213,0.214,0.079,0.069,0.068,0.16,0.005,0.068,1
0.258,0.3,0.343,0.323,0.318,0.35,0.288,0.347,0.316,0.001,0.03,1
0.148,0.2,0.458,0.563,0.463,0.846,0.941,0.53,0.519,0.067,0.258,1
0.438,0.42,0.168,0.194,0.267,0.166,0.147,0.145,0.243,0.013,0.113,1
0.935,0.959,1.01,1.096,1.14,0.969,0.869,0.945,0.99,0.007,0.083,1
0.852,0.978,1.076,0.76,0.924,0.901,1.023,0.93,0.931,0.009,0.092,1
3.0,2.149,0.865,1.068,0.634,0.563,0.56,0.723,1.195,0.704,0.839,1
0.411,0.805,0.912,0.92,0.716,0.588,0.685,0.48,0.69,0.031,0.176,1
0.474,0.492,0.462,0.336,0.35,0.482,0.653,0.177,0.428,0.017,0.132,1
0.89,0.855,0.908,1.165,2.66,3.265,1.123,1.071,1.492,0.755,0.869,1
0.585,0.592,0.665,0.674,0.842,0.855,0.808,1.254,0.784,0.042,0.204,1
0.301,0.39,0.429,0.479,0.431,0.545,0.575,0.639,0.474,0.01,0.102,1
0.335,0.34,0.294,0.405,0.303,0.283,0.393,0.31,0.333,0.002,0.042,1
0.478,0.586,0.652,0.595,0.55,0.497,0.437,0.694,0.561,0.007,0.082,1
1.69,2.499,3.36,0.81,0.877,0.837,0.857,0.811,1.468,0.835,0.914,1
1.407,1.263,1.759,2.244,1.756,1.974,1.934,2.288,1.828,0.115,0.34,1
0.338,0.555,0.63,0.671,0.976,0.845,0.608,0.662,0.661,0.032,0.178,1
0.459,0.398,0.434,0.816,1.392,1.964,2.745,1.57,1.222,0.633,0.796,1
0.014,0.014,0.015,0.014,0.014,0.014,0.014,0.014,0.014,0.0,0.0,1
0.099,0.111,0.299,0.207,0.222,0.114,0.243,0.227,0.19,0.005,0.069,1
1.131,0.524,0.976,0.886,0.871,0.876,1.488,2.192,1.118,0.23,0.479,1
0.438,0.403,0.407,0.404,0.349,0.775,0.398,0.433,0.451,0.016,0.125,1
0.627,0.834,0.758,0.878,0.861,0.753,0.774,0.853,0.792,0.006,0.077,1
0.145,0.147,0.346,0.129,0.103,0.206,0.225,0.299,0.2,0.007,0.081,1
0.773,0.772,0.628,0.606,1.026,0.723,0.965,0.819,0.789,0.019,0.138,1
0.118,0.119,0.12,0.12,0.119,0.126,0.118,0.119,0.12,0.0,0.002,1
1.626,1.63,1.643,1.758,2.163,2.481,1.639,1.647,1.823,0.091,0.301,1
0.608,0.689,0.573,0.587,0.852,0.734,0.597,0.694,0.667,0.008,0.089,1
0.139,0.097,0.14,0.104,0.134,0.125,0.117,0.142,0.125,0.0,0.016,1
0.186,0.518,0.901,0.374,1.849,0.623,0.279,0.283,0.627,0.26,0.51,1
0.366,0.3,0.329,0.337,0.295,0.361,0.308,0.308,0.325,0.001,0.026,1
3.598,4.299,3.161,2.568,4.08,3.649,1.302,1.234,2.986,1.231,1.109,1
0.206,0.291,0.215,0.22,0.429,0.856,2.574,0.852,0.705,0.564,0.751,1
0.205,0.358,0.686,1.009,0.961,0.819,0.811,0.988,0.73,0.079,0.28,1
0.141,0.172,0.185,0.199,0.239,0.413,0.173,0.164,0.211,0.007,0.081,1
0.703,0.683,0.546,0.748,1.342,1.468,1.02,1.222,0.966,0.104,0.323,1
0.235,0.242,0.236,0.306,0.348,0.349,0.342,0.343,0.3,0.003,0.05,1
0.468,0.329,0.512,0.419,0.473,0.474,0.64,0.728,0.505,0.014,0.117,1
0.156,0.18,0.118,0.117,0.116,0.117,0.116,0.115,0.129,0.001,0.023,1
0.123,0.093,0.054,0.055,0.08,0.136,0.089,0.611,0.155,0.03,0.174,1
0.381,0.347,0.39,0.437,1.578,1.694,1.589,0.282,0.837,0.371,0.609,1
1.646,1.717,1.889,0.946,1.437,1.011,0.647,0.725,1.252,0.201,0.448,1
3.862,3.859,0.047,0.047,0.047,0.047,0.047,0.047,1.0,2.727,1.651,1
0.762,0.9,1.016,0.909,0.844,0.743,1.033,1.142,0.919,0.017,0.129,1
0.839,1.164,1.119,1.171,1.217,1.192,1.208,1.214,1.14,0.014,0.118,1
4.317,3.669,2.348,0.318,0.487,0.482,0.309,0.359,1.536,2.441,1.562,1
0.103,0.134,0.081,0.31,0.433,0.559,0.367,0.354,0.293,0.026,0.161,1
0.437,0.378,0.382,0.381,0.381,0.467,0.51,0.658,0.449,0.008,0.091,1
0.079,0.075,0.071,0.086,0.067,0.09,0.067,0.089,0.078,0.0,0.009,1
2.07,2.033,2.161,2.07,2.234,2.055,2.222,2.063,2.114,0.006,0.075,1
0.24,0.238,0.25,0.592,0.654,0.83,0.606,0.628,0.505,0.046,0.214,1
0.052,0.052,0.173,0.059,0.053,0.053,0.104,0.137,0.085,0.002,0.044,1
0.073,0.324,0.169,0.206,0.283,0.296,0.187,0.25,0.224,0.006,0.077,1
1.759,0.988,1.291,1.505,2.04,2.598,2.954,2.954,2.011,0.501,0.708,1
0.052,0.062,0.054,0.052,0.05,0.063,0.08,0.126,0.067,0.001,0.024,1
0.48,0.604,0.33,0.276,0.411,0.777,0.555,1.341,0.597,0.101,0.318,1
0.126,0.289,0.156,0.137,0.273,0.197,0.187,0.2,0.196,0.003,0.056,1
0.559,0.591,0.693,1.227,1.104,1.282,0.825,0.852,0.892,0.07,0.264,1
1.632,1.627,2.672,1.6,2.337,2.669,1.844,1.728,2.014,0.193,0.439,1
2.669,2.949,3.479,2.809,2.806,1.895,1.365,0.677,2.331,0.766,0.875,1
0.04,0.041,0.041,0.041,0.041,0.043,0.043,0.043,0.042,0.0,0.001,1
0.047,0.047,0.106,0.152,0.15,0.047,2.339,0.582,0.434,0.546,0.739,1
2.698,2.682,0.007,0.007,0.007,0.017,0.099,0.106,0.703,1.318,1.148,1
0.184,0.158,0.16,0.194,0.264,0.176,0.296,0.298,0.216,0.003,0.056,1
0.471,0.617,0.37,0.401,0.322,0.408,0.608,0.982,0.522,0.04,0.2,1
1.971,1.882,1.594,1.882,1.965,1.992,2.027,2.065,1.922,0.019,0.138,1
0.469,0.415,0.38,0.282,0.445,0.287,0.369,0.43,0.385,0.004,0.065,1
0.714,0.587,0.676,0.72,0.583,0.737,1.603,1.325,0.868,0.126,0.355,1
0.463,0.44,0.482,0.762,0.988,0.704,0.637,1.02,0.687,0.045,0.213,1
0.086,0.095,0.165,0.173,0.099,0.087,0.086,0.086,0.11,0.001,0.035,1
0.785,2.142,1.729,1.765,0.818,1.045,5.16,1.218,1.833,1.788,1.337,1
0.062,0.062,0.063,0.062,0.062,0.082,0.155,0.137,0.086,0.001,0.036,1
0.067,0.081,0.094,0.054,0.109,0.464,0.525,0.689,0.26,0.057,0.239,1
0.399,0.312,0.313,0.346,0.448,0.328,0.84,1.048,0.504,0.069,0.263,1
1.22,1.234,1.429,1.387,2.188,1.834,4.006,3.357,2.082,0.971,0.986,1
0.196,0.186,0.227,0.181,0.257,0.183,0.246,0.193,0.209,0.001,0.028,1
0.553,0.546,0.515,0.541,0.94,1.245,1.098,1.063,0.813,0.081,0.285,1
0.151,0.152,0.173,0.142,0.147,0.475,2.493,3.05,0.848,1.264,1.124,1
0.436,0.29,0.357,0.566,2.495,2.233,0.625,0.653,0.957,0.678,0.824,1
0.428,0.833,0.378,0.66,0.463,0.77,0.368,0.363,0.533,0.032,0.18,1
0.94,0.957,0.966,0.958,0.968,0.947,0.939,0.947,0.953,0.0,0.01,1
0.434,0.366,0.664,0.764,0.93,0.436,0.206,0.212,0.501,0.06,0.244,1
1.759,1.137,2.615,0.902,0.813,1.265,1.022,2.077,1.449,0.358,0.599,1
1.549,1.291,1.404,1.494,2.924,2.512,2.14,5.369,2.335,1.613,1.27,1
0.159,0.149,0.149,0.233,0.274,0.242,0.139,0.193,0.192,0.002,0.048,1
0.0,0.0,0.0,0.0,0.0,0.0,0.0,0.0,0.0,0.0,0.0,1
1.277,0.95,1.144,1.586,1.793,2.401,3.082,3.358,1.949,0.716,0.846,1
0.391,0.449,0.52,0.647,0.877,0.469,0.77,1.784,0.738,0.181,0.425,1
0.701,0.759,1.116,0.854,0.776,0.707,0.848,0.608,0.796,0.02,0.143,1
6.909,7.3,7.25,7.762,7.27,7.892,6.586,6.374,7.168,0.243,0.493,1
1.04,0.783,0.802,0.925,1.644,1.66,0.91,1.471,1.154,0.123,0.351,1
0.715,0.581,0.212,0.335,0.34,0.345,0.369,0.27,0.396,0.024,0.156,1
0.568,0.871,1.744,2.256,1.935,0.772,2.366,3.19,1.713,0.732,0.856,1
0.755,0.558,0.616,0.779,0.846,0.826,0.521,0.525,0.678,0.017,0.129,1
0.935,1.124,1.331,1.341,1.276,1.227,2.2,2.848,1.535,0.367,0.606,1
1.199,1.157,1.146,1.164,1.519,1.688,1.975,2.116,1.495,0.136,0.369,1
2.778,2.813,2.83,2.843,3.12,3.59,3.136,3.451,3.07,0.085,0.292,1
0.17,0.239,0.211,0.256,0.172,0.2,0.156,0.25,0.207,0.001,0.036,1
0.688,0.732,0.808,0.725,0.989,0.935,0.739,0.769,0.798,0.01,0.101,1
0.831,0.859,0.955,0.846,0.718,0.702,0.594,0.65,0.769,0.013,0.114,1
0.406,0.683,1.555,2.276,0.124,0.169,0.123,0.17,0.688,0.566,0.752,1
1.14,1.308,1.185,1.163,1.381,1.883,3.063,2.411,1.692,0.44,0.663,1
0.046,0.046,0.045,0.045,0.044,0.046,0.046,0.045,0.045,0.0,0.001,1
0.554,0.549,0.605,0.779,0.939,0.734,0.882,0.936,0.747,0.024,0.154,1
0.834,0.749,0.83,0.766,0.837,0.771,0.854,0.777,0.802,0.001,0.038,1
0.424,0.44,0.348,0.515,0.723,0.819,0.793,0.897,0.62,0.039,0.198,1
0.402,0.528,0.658,2.116,1.043,0.408,0.288,0.287,0.716,0.333,0.577,1
0.868,0.762,0.789,0.872,0.921,0.764,0.656,0.669,0.788,0.008,0.089,1
1.998,2.059,2.414,1.678,0.832,1.043,1.081,1.195,1.538,0.292,0.541,1
0.377,0.237,0.224,0.332,0.374,0.407,0.333,0.33,0.327,0.004,0.061,1
0.289,0.272,0.264,0.295,0.286,0.28,0.264,1.492,0.43,0.161,0.401,1
0.467,0.491,0.493,0.4,0.386,0.409,0.403,0.421,0.434,0.002,0.04,1
0.057,0.018,0.099,0.221,0.268,0.583,0.21,0.173,0.204,0.027,0.164,1
2.69,2.861,2.048,1.287,2.002,2.106,3.721,2.738,2.432,0.469,0.685,1
0.35,0.246,0.246,0.247,0.251,0.257,0.255,0.251,0.263,0.001,0.033,1
0.112,0.161,0.073,0.029,0.169,0.203,0.119,0.197,0.133,0.003,0.057,1
0.04,0.113,0.04,0.105,0.047,0.076,0.079,0.047,0.068,0.001,0.027,1
1.13,1.233,0.868,0.805,0.782,0.852,0.809,0.823,0.913,0.025,0.159,1
0.278,1.035,2.088,0.311,0.096,0.113,0.185,0.185,0.536,0.424,0.651,1
0.383,0.736,1.036,0.774,0.889,2.272,1.284,0.926,1.038,0.276,0.525,1
0.189,0.264,0.224,0.235,0.264,0.296,0.294,0.287,0.257,0.001,0.036,1
0.954,0.922,0.989,2.845,2.325,3.074,2.686,1.975,1.971,0.715,0.845,1
0.478,0.593,1.369,1.481,2.322,4.397,1.303,1.64,1.698,1.337,1.156,1
1.637,1.598,0.897,0.263,0.176,0.525,0.729,0.179,0.75,0.309,0.556,1
0.352,0.378,0.386,0.381,0.336,0.489,0.433,0.388,0.393,0.002,0.045,1
0.689,0.65,0.57,0.521,0.481,0.498,0.467,0.544,0.552,0.006,0.075,1
0.342,0.733,1.038,0.764,1.02,0.718,0.538,0.521,0.709,0.051,0.226,1
0.223,0.238,0.258,0.262,0.132,0.116,0.132,0.192,0.194,0.003,0.056,1
0.311,0.239,0.169,0.239,0.26,0.267,0.212,0.176,0.234,0.002,0.044,1
1.345,1.426,2.001,1.347,1.277,1.281,1.454,1.471,1.45,0.048,0.219,1
8.354,7.443,6.73,7.466,6.628,5.564,7.928,9.344,7.432,1.173,1.083,1
0.567,0.944,0.925,0.962,1.09,1.16,1.257,1.333,1.03,0.05,0.224,1
0.554,0.871,1.139,1.152,1.2,1.119,1.359,1.42,1.102,0.067,0.259,1
0.718,0.918,0.837,0.976,1.012,1.205,1.241,1.195,1.013,0.031,0.177,1
0.093,0.168,0.125,0.094,0.093,0.148,0.143,0.095,0.12,0.001,0.028,1
0.542,0.651,0.675,0.549,0.429,0.844,0.468,0.546,0.588,0.015,0.124,1
0.026,0.026,0.043,0.104,0.074,0.026,0.027,0.025,0.044,0.001,0.028,1
1.885,1.894,1.946,1.384,1.546,2.726,2.288,1.398,1.883,0.185,0.43,1
1.076,1.279,3.148,1.382,2.682,1.978,2.219,2.151,1.989,0.451,0.672,1
1.02,1.111,1.18,2.547,2.587,2.888,2.599,9.053,2.873,5.983,2.446,1
