0.293,0.284,0.378,0.537,0.548,0.438,0.392,0.268,0.392,0.011,0.103,1
0.705,0.732,2.283,1.632,2.296,3.397,1.287,1.831,1.77,0.707,0.841,1
1.024,0.849,1.041,0.951,1.27,0.968,1.854,4.55,1.563,1.362,1.167,1
0.57,0.559,0.548,0.561,0.573,0.548,0.554,0.567,0.56,0.0,0.009,1
1.108,1.158,1.058,1.125,1.826,1.72,2.014,1.483,1.436,0.124,0.352,1
0.123,0.093,0.054,0.055,0.08,0.136,0.089,0.611,0.155,0.03,0.174,1
0.354,0.401,0.372,0.405,0.54,0.546,0.679,0.606,0.488,0.013,0.113,1
0.234,0.196,0.086,0.099,0.09,0.016,0.081,0.106,0.113,0.004,0.065,1
0.346,0.267,0.354,0.484,0.517,0.413,0.742,0.373,0.437,0.019,0.137,1
0.689,0.671,0.696,0.677,0.74,0.73,0.759,0.692,0.707,0.001,0.03,1
0.131,0.042,0.102,0.207,0.101,0.042,0.137,0.047,0.101,0.003,0.054,1
0.255,0.173,0.187,0.241,0.196,0.185,0.241,0.201,0.21,0.001,0.029,1
0.021,0.021,0.048,0.095,0.097,0.103,0.084,0.021,0.061,0.001,0.035,1
0.524,0.35,0.246,0.356,0.336,0.253,0.331,0.374,0.346,0.006,0.08,1
0.897,0.981,0.788,0.84,0.958,0.897,1.35,0.979,0.961,0.026,0.16,1
0.359,0.465,0.63,0.513,0.903,0.853,0.383,0.41,0.564,0.039,0.198,1
0.611,0.621,0.861,0.761,0.757,1.022,1.705,2.396,1.092,0.351,0.593,1
1.831,0.504,0.662,0.754,0.748,0.914,0.243,0.398,0.757,0.206,0.453,1
0.602,0.626,0.615,0.518,0.615,0.592,0.512,0.589,0.584,0.002,0.041,1
0.711,0.79,0.992,1.085,0.952,3.424,0.683,0.643,1.16,0.755,0.869,1
0.868,0.938,2.38,1.698,0.676,1.598,1.278,0.652,1.261,0.316,0.562,1
0.446,0.507,0.512,0.507,0.507,0.754,0.535,0.541,0.539,0.007,0.086,1
0.319,0.385,0.333,0.389,0.401,0.411,0.386,0.514,0.392,0.003,0.055,1
1.022,1.308,1.159,1.35,1.273,1.232,1.274,1.171,1.224,0.009,0.097,1
1.771,1.624,0.608,0.162,0.144,0.22,0.633,0.356,0.69,0.37,0.608,1
0.442,0.545,0.692,0.51,0.541,0.486,1.032,0.783,0.629,0.034,0.185,1
0.627,0.929,0.571,0.463,0.47,0.526,0.596,0.555,0.592,0.019,0.138,1
0.59,0.8,3.029,2.816,2.702,1.862,1.709,2.023,1.941,0.715,0.846,1
0.141,0.104,0.245,0.238,0.406,0.735,0.616,0.524,0.376,0.047,0.216,1
1.835,1.806,1.805,1.802,1.946,3.212,4.383,4.783,2.697,1.395,1.181,1
0.89,0.953,0.857,0.667,0.809,0.687,2.04,3.283,1.273,0.747,0.864,1
0.879,0.717,1.021,0.711,3.445,2.555,0.61,0.751,1.336,0.986,0.993,1
0.293,0.31,0.201,0.239,0.23,0.207,0.277,1.527,0.41,0.179,0.424,1
0.308,0.259,0.263,0.474,0.947,1.081,0.836,0.675,0.605,0.093,0.305,1
0.367,0.747,0.361,0.409,0.382,0.427,1.206,0.783,0.585,0.081,0.284,1
1.253,1.204,1.464,1.539,1.513,1.488,1.43,1.416,1.413,0.013,0.114,1
0.98,0.99,1.164,1.091,0.94,1.027,0.893,2.89,1.247,0.392,0.626,1
