0.269,0.264,0.378,0.269,0.268,0.267,0.368,0.255,0.292,0.002,0.047,2
0.245,0.247,0.247,0.25,0.246,0.245,0.245,0.243,0.246,0.0,0.002,2
2.688,2.3,2.181,3.069,1.54,3.046,1.551,2.997,2.422,0.352,0.594,2
0.037,0.089,0.071,0.054,0.112,0.012,0.138,0.018,0.066,0.002,0.042,2
0.126,0.127,0.128,0.133,0.15,0.151,0.149,0.151,0.139,0.0,0.011,2
1.324,1.234,1.248,1.402,1.365,1.258,1.254,1.419,1.313,0.005,0.07,2
0.452,0.447,0.448,0.461,0.523,0.475,0.425,0.424,0.457,0.001,0.03,2
0.339,0.34,0.346,0.345,0.343,0.683,0.412,0.133,0.368,0.02,0.141,2
6.152,6.572,7.272,7.372,7.611,6.48,6.537,7.083,6.885,0.234,0.484,2
0.156,0.386,0.185,0.344,0.119,0.319,0.191,0.222,0.24,0.008,0.091,2
2.451,2.594,2.487,2.535,2.392,2.437,2.477,2.665,2.505,0.007,0.084,2
0.089,0.089,0.089,0.089,0.089,0.089,0.089,0.089,0.089,0.0,0.0,2
6.794,6.419,5.009,4.427,3.304,4.678,5.121,6.34,5.262,1.225,1.107,2
0.622,0.464,0.471,0.473,0.534,0.631,0.525,0.471,0.524,0.004,0.064,2
0.659,0.646,0.646,0.646,0.654,0.646,0.644,0.654,0.649,0.0,0.005,2
1.327,1.28,1.27,1.469,1.373,1.206,1.276,1.194,1.299,0.007,0.084,2
0.359,0.366,0.388,0.523,0.521,0.522,0.516,0.518,0.464,0.005,0.073,2
0.0,0.0,0.0,0.0,0.0,0.0,0.0,0.0,0.0,0.0,0.0,2
5.704,4.848,6.175,4.171,4.684,4.149,3.927,3.206,4.608,0.819,0.905,2
0.181,0.278,0.282,0.282,0.45,1.153,1.155,0.655,0.554,0.138,0.372,2
0.673,0.681,0.69,0.692,0.688,0.679,0.698,0.683,0.686,0.0,0.007,2
1.647,1.642,1.645,1.749,1.65,1.628,1.634,1.756,1.669,0.002,0.049,2
0.402,0.391,0.404,0.397,0.398,0.404,0.393,0.412,0.4,0.0,0.006,2
1.524,1.53,1.876,1.625,1.56,1.58,1.717,1.566,1.622,0.013,0.112,2
0.115,0.154,0.116,0.116,0.98,2.678,3.069,3.6,1.354,1.99,1.411,2
0.033,0.033,0.03,0.062,0.065,0.03,0.03,0.03,0.039,0.0,0.014,2
1.589,1.561,1.461,1.318,1.232,1.395,1.286,1.19,1.379,0.019,0.139,2
4.596,4.353,0.474,0.331,0.492,0.389,0.449,0.352,1.43,3.097,1.76,2
7.159,7.176,7.415,7.54,6.688,7.822,7.924,5.897,7.203,0.379,0.616,2
6.152,6.572,7.272,7.372,7.611,6.48,6.537,7.083,6.885,0.234,0.484,2
0.563,0.419,0.39,0.404,0.409,0.403,0.65,0.394,0.454,0.008,0.091,2
0.292,0.289,0.292,0.338,0.56,0.58,0.553,0.524,0.428,0.016,0.127,2
0.114,0.115,0.116,0.116,0.115,0.114,0.114,0.115,0.115,0.0,0.001,2
0.02,0.02,0.02,0.02,0.02,0.02,0.019,0.02,0.02,0.0,0.0,2
0.043,0.042,0.044,0.045,0.044,0.044,0.042,0.043,0.043,0.0,0.001,2
0.141,0.14,0.14,0.224,0.262,0.279,0.154,0.139,0.185,0.003,0.056,2
0.293,0.284,0.378,0.537,0.548,0.438,0.392,0.268,0.392,0.011,0.103,1
0.705,0.732,2.283,1.632,2.296,3.397,1.287,1.831,1.77,0.707,0.841,1
1.024,0.849,1.041,0.951,1.27,0.968,1.854,4.55,1.563,1.362,1.167,1
0.57,0.559,0.548,0.561,0.573,0.548,0.554,0.567,0.56,0.0,0.009,1
1.108,1.158,1.058,1.125,1.826,1.72,2.014,1.483,1.436,0.124,0.352,1
0.123,0.093,0.054,0.055,0.08,0.136,0.089,0.611,0.155,0.03,0.174,1
0.354,0.401,0.372,0.405,0.54,0.546,0.679,0.606,0.488,0.013,0.113,1
0.234,0.196,0.086,0.099,0.09,0.016,0.081,0.106,0.113,0.004,0.065,1
0.346,0.267,0.354,0.484,0.517,0.413,0.742,0.373,0.437,0.019,0.137,1
0.689,0.671,0.696,0.677,0.74,0.73,0.759,0.692,0.707,0.001,0.03,1
0.131,0.042,0.102,0.207,0.101,0.042,0.137,0.047,0.101,0.003,0.054,1
0.255,0.173,0.187,0.241,0.196,0.185,0.241,0.201,0.21,0.001,0.029,1
0.021,0.021,0.048,0.095,0.097,0.103,0.084,0.021,0.061,0.001,0.035,1
0.524,0.35,0.246,0.356,0.336,0.253,0.331,0.374,0.346,0.006,0.08,1
0.897,0.981,0.788,0.84,0.958,0.897,1.35,0.979,0.961,0.026,0.16,1
0.359,0.465,0.63,0.513,0.903,0.853,0.383,0.41,0.564,0.039,0.198,1
0.611,0.621,0.861,0.761,0.757,1.022,1.705,2.396,1.092,0.351,0.593,1
1.831,0.504,0.662,0.754,0.748,0.914,0.243,0.398,0.757,0.206,0.453,1
0.602,0.626,0.615,0.518,0.615,0.592,0.512,0.589,0.584,0.002,0.041,1
0.711,0.79,0.992,1.085,0.952,3.424,0.683,0.643,1.16,0.755,0.869,1
0.868,0.938,2.38,1.698,0.676,1.598,1.278,0.652,1.261,0.316,0.562,1
0.446,0.507,0.512,0.507,0.507,0.754,0.535,0.541,0.539,0.007,0.086,1
0.319,0.385,0.333,0.389,0.401,0.411,0.386,0.514,0.392,0.003,0.055,1
1.022,1.308,1.159,1.35,1.273,1.232,1.274,1.171,1.224,0.009,0.097,1
1.771,1.624,0.608,0.162,0.144,0.22,0.633,0.356,0.69,0.37,0.608,1
0.442,0.545,0.692,0.51,0.541,0.486,1.032,0.783,0.629,0.034,0.185,1
0.627,0.929,0.571,0.463,0.47,0.526,0.596,0.555,0.592,0.019,0.138,1
0.59,0.8,3.029,2.816,2.702,1.862,1.709,2.023,1.941,0.715,0.846,1
0.141,0.104,0.245,0.238,0.406,0.735,0.616,0.524,0.376,0.047,0.216,1
1.835,1.806,1.805,1.802,1.946,3.212,4.383,4.783,2.697,1.395,1.181,1
0.89,0.953,0.857,0.667,0.809,0.687,2.04,3.283,1.273,0.747,0.864,1
0.879,0.717,1.021,0.711,3.445,2.555,0.61,0.751,1.336,0.986,0.993,1
0.293,0.31,0.201,0.239,0.23,0.207,0.277,1.527,0.41,0.179,0.424,1
0.308,0.259,0.263,0.474,0.947,1.081,0.836,0.675,0.605,0.093,0.305,1
0.367,0.747,0.361,0.409,0.382,0.427,1.206,0.783,0.585,0.081,0.284,1
1.253,1.204,1.464,1.539,1.513,1.488,1.43,1.416,1.413,0.013,0.114,1
0.98,0.99,1.164,1.091,0.94,1.027,0.893,2.89,1.247,0.392,0.626,1
