1.65,1.284
0.025,0.16
0.0,0.012
0.122,0.35
0.0,0.0
0.675,0.822
0.123,0.35
0.311,0.558
0.04,0.2
0.023,0.152
0.003,0.059
0.006,0.076
0.013,0.113
0.001,0.031
0.0,0.016
0.001,0.033
0.634,0.796
0.061,0.246
0.112,0.335
0.001,0.034
1.317,1.148
0.0,0.018
0.057,0.239
0.0,0.0
0.029,0.169
0.171,0.413
0.063,0.25
0.014,0.119
0.004,0.062
0.001,0.025
1.209,1.1
0.068,0.262
0.294,0.542
1.043,1.021
0.054,0.232
0.38,0.617
0.273,0.522
0.01,0.098
0.009,0.095
0.152,0.389
0.213,0.461
0.325,0.57
0.025,0.158
0.007,0.083
0.023,0.15
0.003,0.053
0.01,0.1
0.019,0.136
0.002,0.047
0.027,0.165
0.58,0.762
0.301,0.549
0.001,0.035
2.982,1.727
0.018,0.134
0.906,0.952
0.003,0.051
1.223,1.106
0.115,0.339
7.79,2.791
0.0,0.009
0.122,0.349
0.0,0.001
0.018,0.132
1.395,1.181
0.001,0.028
2.19,1.48
0.535,0.732
0.021,0.146
0.582,0.763
0.466,0.683
0.263,0.513
0.078,0.279
0.021,0.143
0.131,0.362
0.007,0.086
0.0,0.006
0.045,0.213
0.092,0.303
0.001,0.028
0.659,0.812
0.008,0.091
0.0,0.0
0.247,0.497
0.17,0.412
0.019,0.137
0.0,0.0
0.012,0.11
0.087,0.295
0.017,0.13
0.001,0.023
0.018,0.132
0.032,0.179
0.021,0.143
0.684,0.827
0.04,0.199
0.003,0.05
0.003,0.05
0.287,0.536
0.041,0.202
