0.842,0.792,0.665,0.843,1.119,1.81,2.915,1.922,1.364,0.542,0.736,1
1.731,1.744,1.652,1.681,1.716,1.714,1.88,2.026,1.768,0.013,0.116,1
0.457,0.666,0.662,0.687,0.883,0.984,0.991,1.256,0.823,0.056,0.237,1
0.705,0.631,0.647,0.563,0.731,0.694,0.658,0.642,0.659,0.002,0.049,1
0.129,0.131,0.121,0.116,0.134,0.133,0.104,0.134,0.125,0.0,0.01,1
0.419,0.406,0.403,0.411,0.476,0.514,0.538,0.535,0.463,0.003,0.056,1
0.442,0.392,0.358,0.388,1.03,0.732,0.779,0.774,0.612,0.054,0.233,1
1.336,1.178,1.28,1.397,1.588,1.713,1.618,2.183,1.537,0.089,0.298,1
1.888,2.676,4.456,5.243,4.582,4.505,4.222,3.99,3.945,1.073,1.036,1
0.071,0.069,0.07,0.07,0.07,0.076,0.121,0.192,0.092,0.002,0.041,1
0.154,0.143,0.14,0.133,0.144,0.144,0.275,1.33,0.308,0.151,0.389,1
0.238,0.238,0.239,0.24,0.24,0.238,0.241,0.316,0.249,0.001,0.025,1
0.174,0.141,0.123,0.096,0.161,0.098,0.111,1.261,0.271,0.141,0.375,1
0.238,0.125,0.181,0.241,0.77,0.953,0.949,0.829,0.536,0.119,0.346,1
0.195,0.194,0.193,0.191,0.191,0.191,0.192,0.19,0.192,0.0,0.002,1
0.724,0.739,0.548,0.482,0.288,0.201,0.207,0.266,0.432,0.043,0.208,1
1.499,1.516,0.716,0.555,0.341,0.332,0.39,0.5,0.731,0.215,0.463,1
1.006,3.172,3.308,2.006,2.112,1.033,0.805,0.867,1.789,0.922,0.96,1
0.103,0.029,0.03,0.06,0.073,0.029,0.029,0.103,0.057,0.001,0.031,1
1.003,0.561,1.161,2.402,2.812,1.972,1.702,3.031,1.83,0.689,0.83,1
0.259,0.665,0.739,0.719,0.706,0.71,0.887,0.589,0.659,0.029,0.17,1
0.014,0.014,0.014,0.016,0.017,0.015,0.016,0.017,0.015,0.0,0.001,1
6.879,6.008,6.508,6.497,6.409,6.438,5.877,5.06,6.21,0.273,0.523,1
0.173,0.183,0.574,0.554,0.471,0.478,0.744,0.596,0.472,0.035,0.187,1
0.08,0.213,0.429,0.206,0.191,0.382,0.295,0.186,0.248,0.011,0.107,1
1.098,2.117,3.249,3.898,3.362,2.906,0.48,0.425,2.192,1.645,1.283,1
0.354,0.318,0.373,0.363,0.478,0.778,0.529,0.386,0.447,0.02,0.141,1
0.012,0.012,0.012,0.012,0.04,0.012,0.012,0.012,0.016,0.0,0.009,1
0.709,0.616,0.763,0.79,0.817,0.734,0.607,0.413,0.681,0.015,0.124,1
0.561,1.178,0.496,0.709,1.096,0.573,1.332,0.729,0.834,0.09,0.3,1
2.564,2.481,3.428,3.636,3.417,3.366,2.914,2.457,3.033,0.206,0.454,1
0.242,0.292,0.262,0.315,0.391,0.45,1.13,2.333,0.677,0.465,0.682,1
0.718,0.949,0.879,1.281,0.514,0.529,0.496,0.542,0.738,0.069,0.262,1
0.329,0.342,0.667,0.365,0.334,0.402,0.507,0.554,0.438,0.014,0.117,1
0.39,0.482,0.402,1.852,0.564,2.472,2.736,1.532,1.304,0.83,0.911,1
0.219,0.269,0.307,0.398,0.3,0.281,0.299,0.36,0.304,0.003,0.051,1
0.053,0.085,0.054,0.081,0.056,0.054,0.081,0.054,0.065,0.0,0.014,1
0.272,0.302,0.281,0.352,0.317,0.314,0.474,0.376,0.336,0.004,0.061,1
0.218,0.265,0.25,0.215,0.214,0.291,0.316,0.365,0.267,0.003,0.051,1
0.314,0.406,0.352,0.32,0.28,0.318,0.314,0.404,0.338,0.002,0.042,1
0.882,0.805,0.875,0.863,0.848,0.836,0.86,0.96,0.866,0.002,0.042,1
0.391,1.334,2.405,2.343,2.803,2.56,2.498,2.55,2.11,0.591,0.769,1
0.197,0.207,0.234,0.232,0.216,0.228,0.22,0.26,0.224,0.0,0.018,1
2.679,3.32,3.325,3.504,3.582,3.503,3.368,3.429,3.339,0.07,0.264,1
0.222,0.296,0.224,0.303,0.238,0.299,0.248,0.304,0.267,0.001,0.035,1
0.431,0.407,0.444,0.391,0.418,0.418,0.423,0.397,0.416,0.0,0.016,1
1.27,0.987,0.882,1.182,1.87,2.572,2.32,0.966,1.506,0.38,0.617,1
0.446,0.594,0.65,0.513,0.52,0.499,0.833,0.99,0.631,0.031,0.177,1
0.201,0.291,0.184,0.184,0.182,0.181,0.181,0.275,0.21,0.002,0.043,1
0.225,0.245,0.859,1.507,1.392,1.831,1.048,0.354,0.933,0.334,0.578,1
1.357,1.212,1.468,1.336,1.395,1.486,1.524,2.357,1.517,0.109,0.331,1
0.763,0.985,0.914,0.71,0.69,1.452,1.009,2.506,1.129,0.323,0.568,1
4.516,4.533,5.068,4.752,4.576,4.632,4.888,4.626,4.699,0.033,0.181,1
0.593,0.689,0.53,0.65,0.526,0.562,0.58,0.468,0.575,0.004,0.066,1
0.856,0.565,0.562,0.598,0.655,1.564,2.973,2.568,1.293,0.833,0.913,1
0.088,0.121,0.291,0.112,0.29,0.303,0.17,0.15,0.191,0.007,0.084,1
0.781,0.692,0.759,0.756,1.174,1.849,1.784,1.744,1.192,0.235,0.485,1
0.283,0.282,0.319,0.327,0.28,0.314,0.473,0.524,0.35,0.008,0.088,1
0.453,0.396,0.378,0.319,0.315,0.359,0.86,0.995,0.509,0.061,0.247,1
0.253,0.133,0.134,0.134,0.132,0.261,0.162,2.168,0.422,0.438,0.662,1
0.678,0.694,0.621,0.564,0.931,3.99,1.027,3.058,1.445,1.516,1.231,1
0.392,0.319,0.398,0.339,0.368,0.371,0.365,0.391,0.368,0.001,0.026,1
0.773,0.443,0.305,0.452,0.41,0.591,0.454,0.447,0.484,0.017,0.131,1
0.727,0.698,0.699,0.669,0.694,0.774,0.966,0.416,0.705,0.02,0.141,1
0.518,0.514,0.583,1.362,1.08,0.637,0.249,0.314,0.657,0.126,0.355,1
0.094,0.107,0.107,0.107,0.107,0.109,0.108,0.108,0.106,0.0,0.005,1
1.237,1.115,1.796,1.515,2.527,2.677,2.448,1.478,1.849,0.334,0.578,1
0.501,0.338,0.44,0.369,0.368,0.523,0.158,0.105,0.35,0.02,0.141,1
1.024,2.035,1.383,2.751,0.441,0.531,0.624,1.17,1.245,0.563,0.751,1
0.142,0.175,0.249,0.331,0.181,0.176,0.133,0.27,0.207,0.004,0.065,1
1.264,1.291,1.271,1.273,1.29,1.269,1.26,1.261,1.272,0.0,0.011,1
0.348,1.374,0.352,0.995,0.55,0.401,0.525,0.755,0.662,0.115,0.339,1
1.425,1.563,1.286,0.865,0.938,0.979,1.334,1.226,1.202,0.055,0.234,1
0.359,0.404,0.383,0.516,0.605,0.738,0.611,0.698,0.539,0.019,0.137,1
0.559,0.349,0.372,0.429,0.425,0.696,1.131,0.335,0.537,0.063,0.252,1
0.493,0.514,0.57,0.52,0.541,0.56,0.815,1.964,0.747,0.221,0.47,1
1.524,1.53,1.876,1.625,1.56,1.58,1.717,1.566,1.622,0.013,0.112,1
1.199,1.157,1.146,1.164,1.519,1.688,1.975,2.116,1.495,0.136,0.369,1
0.077,0.197,0.185,0.416,0.418,0.359,0.363,0.368,0.298,0.014,0.119,1
0.153,0.157,0.108,0.089,0.154,0.159,0.162,0.088,0.134,0.001,0.031,1
2.174,2.053,2.382,2.493,2.758,2.483,2.272,2.697,2.414,0.052,0.229,1
0.986,1.128,0.721,0.887,1.234,1.704,1.217,1.109,1.123,0.074,0.273,1
0.167,0.323,0.372,2.148,0.323,0.323,0.683,1.416,0.719,0.428,0.654,1
1.239,1.14,1.124,1.233,1.273,1.156,1.225,1.158,1.194,0.003,0.052,1
0.667,0.685,0.697,0.683,0.668,0.739,1.011,1.224,0.797,0.038,0.194,1
0.04,0.041,0.041,0.04,0.041,0.109,0.057,0.04,0.051,0.001,0.023,1
0.732,0.787,0.909,1.512,2.386,2.103,1.975,1.803,1.526,0.364,0.603,1
0.447,0.301,0.443,0.542,0.397,0.334,0.311,0.299,0.384,0.007,0.083,1
0.701,0.759,1.116,0.854,0.776,0.707,0.848,0.608,0.796,0.02,0.143,1
0.483,0.506,0.511,0.558,0.554,0.561,0.516,0.578,0.533,0.001,0.031,1
2.975,2.933,3.008,4.666,3.093,2.558,3.859,3.139,3.279,0.39,0.624,1
0.198,0.214,0.212,0.214,0.272,0.288,0.287,0.263,0.244,0.001,0.035,1
0.317,0.295,0.378,0.443,0.441,0.487,0.458,0.564,0.423,0.007,0.083,1
0.125,0.425,0.686,0.502,1.116,0.895,0.763,0.905,0.677,0.087,0.295,1
0.0,0.0,0.0,0.0,0.0,0.0,0.0,0.0,0.0,0.0,0.0,1
3.486,5.199,1.6,1.62,1.654,1.596,1.494,1.692,2.293,1.587,1.26,1
1.04,1.163,1.209,1.325,1.648,1.142,1.368,1.536,1.304,0.038,0.194,1
0.404,0.459,0.427,0.423,0.49,0.454,0.455,0.65,0.47,0.005,0.072,1
0.0,0.0,0.0,0.0,0.0,0.0,0.0,0.0,0.0,0.0,0.0,1
0.824,0.939,0.787,1.243,2.436,1.689,0.931,0.921,1.221,0.287,0.536,1
0.23,0.239,0.245,0.246,0.144,0.145,0.144,0.149,0.193,0.002,0.047,1
0.676,0.672,0.972,0.867,1.704,0.645,0.172,0.14,0.731,0.212,0.461,1
0.327,0.377,0.361,0.318,0.343,0.267,0.263,0.261,0.315,0.002,0.043,1
0.458,0.47,0.752,0.505,2.174,0.535,0.486,0.97,0.794,0.3,0.548,1
0.146,0.161,0.217,0.218,0.217,0.218,0.343,0.434,0.244,0.008,0.09,1
0.217,0.184,0.441,0.814,0.811,0.86,0.878,1.091,0.662,0.099,0.314,1
0.895,1.244,1.035,1.341,2.115,2.458,2.191,3.876,1.894,0.856,0.925,1
0.144,0.143,0.144,0.256,0.262,0.181,0.144,0.141,0.177,0.002,0.049,1
0.085,0.105,0.095,0.107,0.145,0.084,0.114,0.085,0.103,0.0,0.019,1
3.146,3.208,3.198,3.248,3.223,3.234,3.238,3.189,3.21,0.001,0.031,1
0.379,0.389,0.479,0.577,0.247,0.527,0.302,0.505,0.426,0.012,0.108,1
0.227,0.283,0.39,0.367,0.41,0.606,0.732,0.375,0.424,0.024,0.156,1
4.292,4.1,2.781,2.495,2.468,2.461,2.401,2.418,2.927,0.551,0.743,1
1.249,1.371,1.379,1.268,1.192,1.289,2.173,0.904,1.353,0.115,0.34,1
1.046,1.066,0.942,0.924,1.038,1.083,0.975,0.854,0.991,0.006,0.075,1
0.127,0.137,0.195,0.368,0.324,0.322,0.459,0.372,0.288,0.013,0.113,1
0.177,0.176,0.182,0.18,0.177,0.45,0.888,0.891,0.39,0.091,0.301,1
0.08,0.021,0.038,0.01,0.01,0.01,0.01,0.08,0.032,0.001,0.029,1
1.099,1.137,1.237,1.183,1.161,0.847,1.124,0.873,1.083,0.018,0.134,1
0.826,0.786,0.716,1.03,1.48,1.59,1.366,1.285,1.135,0.101,0.317,1
0.666,0.87,0.827,0.935,0.843,0.921,0.975,0.984,0.878,0.009,0.097,1
2.027,1.872,1.913,1.907,1.919,1.919,2.082,1.923,1.945,0.004,0.066,1
0.23,0.196,0.226,0.199,0.227,0.281,1.705,2.781,0.731,0.835,0.914,1
0.368,0.368,0.368,0.369,0.368,0.368,0.368,0.415,0.374,0.0,0.015,1
0.03,0.03,0.031,0.04,0.03,0.03,0.029,0.03,0.031,0.0,0.003,1
0.082,0.042,0.042,0.024,0.042,0.076,0.11,0.115,0.067,0.001,0.032,1
1.86,2.179,3.881,3.535,2.134,2.022,2.177,2.047,2.479,0.52,0.721,1
0.32,0.322,0.59,0.755,0.481,0.64,0.69,0.66,0.557,0.024,0.155,1
1.466,1.45,1.764,1.518,1.491,1.496,1.502,1.453,1.518,0.009,0.096,1
0.32,0.559,0.326,0.451,0.518,0.834,0.725,0.718,0.556,0.032,0.178,1
0.181,0.201,0.212,0.205,0.138,0.285,0.277,0.241,0.218,0.002,0.046,1
3.512,3.448,3.539,3.563,3.576,3.616,3.794,3.766,3.602,0.013,0.113,1
4.084,5.552,5.788,4.619,5.064,4.758,5.24,5.47,5.072,0.276,0.526,1
0.111,0.319,0.228,0.297,0.288,0.34,0.509,0.234,0.291,0.011,0.106,1
0.638,0.577,0.666,0.71,0.938,0.982,0.958,1.103,0.821,0.033,0.183,1
0.089,0.047,0.081,0.054,0.074,0.056,0.074,0.065,0.068,0.0,0.014,1
1.556,1.357,0.951,0.54,0.327,0.361,0.317,0.369,0.722,0.22,0.469,1
0.253,0.271,0.322,0.572,0.142,0.15,0.206,0.141,0.257,0.018,0.134,1
0.464,0.435,0.462,0.433,0.466,0.446,0.458,0.467,0.454,0.0,0.013,1
0.236,0.289,0.487,0.46,0.256,0.282,0.187,0.221,0.302,0.011,0.104,1
0.483,0.441,0.48,0.552,0.554,0.636,0.479,0.485,0.514,0.003,0.059,1
0.266,0.306,0.301,0.344,0.449,2.098,0.842,0.683,0.661,0.332,0.576,1
0.124,0.077,0.065,0.082,0.104,0.089,0.064,0.189,0.099,0.002,0.039,1
1.359,1.6,1.719,1.708,1.954,3.062,4.959,1.913,2.284,1.248,1.117,1
0.234,0.196,0.086,0.099,0.09,0.016,0.081,0.106,0.113,0.004,0.065,1
0.097,0.118,0.063,0.172,0.133,0.223,0.187,0.197,0.149,0.003,0.051,1
0.0,0.0,0.0,0.0,0.0,0.0,0.0,0.0,0.0,0.0,0.0,1
0.008,0.008,0.008,0.008,0.008,0.008,0.008,0.008,0.008,0.0,0.0,1
0.168,0.058,0.274,0.418,0.447,0.407,0.343,0.381,0.312,0.016,0.128,1
0.27,0.24,0.606,0.155,0.105,0.113,0.273,0.283,0.256,0.022,0.149,1
0.46,0.391,0.603,0.747,0.577,0.794,0.858,0.798,0.654,0.026,0.16,1
0.57,1.045,1.172,0.522,0.506,0.609,0.784,0.176,0.673,0.089,0.298,1
2.286,2.377,3.07,3.165,3.04,3.132,3.286,3.835,3.024,0.215,0.464,1
1.321,0.757,0.189,0.369,0.339,0.394,0.34,0.418,0.516,0.115,0.339,1
3.092,3.08,3.12,3.3,4.145,0.729,2.083,4.098,2.956,1.077,1.038,1
0.621,0.657,0.748,0.628,0.673,0.844,0.668,0.638,0.685,0.005,0.071,1
0.437,0.439,0.437,0.437,0.434,0.447,0.444,0.439,0.439,0.0,0.004,1
0.371,0.39,0.432,0.414,0.39,0.405,0.387,0.428,0.402,0.0,0.02,1
1.071,1.166,0.611,0.733,0.921,1.113,0.861,0.782,0.907,0.034,0.184,1
0.27,0.194,0.204,0.304,0.216,0.216,0.5,0.568,0.309,0.018,0.135,1
0.143,0.145,0.148,0.229,0.23,0.257,0.269,0.566,0.248,0.017,0.129,1
1.429,1.593,1.429,1.643,1.411,2.001,1.788,1.62,1.614,0.036,0.191,1
0.234,0.329,0.324,0.766,2.158,1.703,0.874,1.483,0.984,0.454,0.674,1
1.485,1.404,1.356,1.309,1.525,1.556,1.564,2.687,1.611,0.173,0.416,1
1.012,1.085,1.221,1.191,1.206,1.192,1.307,1.286,1.188,0.008,0.091,1
0.617,0.563,0.687,0.297,0.544,0.701,0.647,0.924,0.622,0.027,0.165,1
0.023,0.126,0.236,0.225,0.234,0.135,0.155,0.225,0.17,0.005,0.07,1
0.234,0.323,0.248,0.167,0.226,0.211,0.195,0.17,0.222,0.002,0.047,1
0.743,0.856,0.85,0.749,0.829,0.905,1.098,1.403,0.929,0.043,0.207,1
0.301,0.39,0.429,0.479,0.431,0.545,0.575,0.639,0.474,0.01,0.102,1
0.326,0.351,0.536,1.081,0.822,0.092,0.041,0.114,0.42,0.121,0.348,1
0.082,0.013,0.052,0.075,0.013,0.066,0.066,0.09,0.057,0.001,0.028,1
0.56,0.63,0.67,0.668,0.647,0.608,0.619,0.607,0.626,0.001,0.034,1
0.297,0.725,0.954,1.015,1.099,1.028,0.807,0.772,0.837,0.057,0.24,1
0.85,0.779,0.61,0.779,0.97,0.615,0.72,1.038,0.795,0.021,0.144,1
1.312,1.547,1.329,1.228,1.308,1.236,1.059,1.243,1.283,0.016,0.128,1
0.308,0.251,0.313,0.254,0.286,0.278,0.345,0.734,0.346,0.022,0.149,1
5.327,5.371,5.719,5.715,5.622,5.526,5.59,5.541,5.551,0.018,0.135,1
0.262,0.299,0.25,0.834,0.913,0.996,0.963,0.905,0.678,0.102,0.319,1
0.501,0.693,1.384,2.466,1.342,2.233,0.434,0.488,1.193,0.57,0.755,1
2.451,2.594,2.487,2.535,2.392,2.437,2.477,2.665,2.505,0.007,0.084,1
2.67,2.46,2.466,2.491,2.532,3.784,2.318,1.667,2.548,0.299,0.547,1
0.788,0.878,0.725,0.889,0.584,0.685,0.599,0.711,0.732,0.011,0.107,1
0.079,0.093,0.064,0.107,0.035,0.139,0.046,0.108,0.084,0.001,0.033,1
0.657,0.624,0.718,0.851,0.895,1.306,3.457,3.22,1.466,1.212,1.101,1
0.224,0.154,0.125,0.131,0.102,0.109,0.146,0.119,0.139,0.001,0.036,1
0.043,0.064,0.059,0.044,0.079,0.045,0.075,0.143,0.069,0.001,0.031,1
0.184,0.544,0.287,0.291,0.436,1.048,1.177,1.537,0.688,0.218,0.467,1
0.088,0.054,0.007,0.007,0.059,0.084,0.007,0.007,0.039,0.001,0.034,1
0.392,0.394,0.394,0.399,0.397,0.399,0.399,0.394,0.396,0.0,0.003,1
0.254,0.217,0.243,0.671,0.284,0.297,0.361,0.427,0.344,0.019,0.139,1
0.209,0.209,0.206,0.206,0.206,0.206,0.206,0.226,0.209,0.0,0.006,1
0.229,0.347,0.299,0.283,0.435,1.225,1.258,1.875,0.744,0.338,0.581,1
0.3,0.223,0.294,0.257,0.246,0.295,0.226,0.368,0.276,0.002,0.045,1
0.266,0.269,0.93,1.515,1.438,1.482,1.598,1.657,1.144,0.299,0.547,1
0.209,0.273,0.396,0.255,0.347,0.361,0.4,4.463,0.838,1.881,1.372,1
0.789,0.748,0.997,1.745,2.442,2.377,2.341,2.306,1.718,0.502,0.709,1
0.462,0.355,0.369,0.404,0.439,0.408,0.751,2.236,0.678,0.361,0.6,1
0.339,0.34,0.346,0.345,0.343,0.683,0.412,0.133,0.368,0.02,0.141,1
0.154,0.143,0.14,0.133,0.144,0.144,0.275,1.33,0.308,0.151,0.389,1
0.515,0.45,0.45,0.448,0.451,0.4,0.578,1.379,0.584,0.093,0.305,1
0.834,0.819,1.27,1.333,1.051,1.093,1.01,1.123,1.067,0.029,0.171,1
0.401,0.962,0.42,0.694,2.239,1.376,0.988,2.135,1.152,0.446,0.668,1
0.702,0.692,0.796,0.723,0.96,1.502,1.468,2.589,1.179,0.38,0.617,1
2.174,2.053,2.382,2.493,2.758,2.483,2.272,2.697,2.414,0.052,0.229,1
0.373,0.648,0.411,0.898,0.395,0.737,0.469,0.595,0.566,0.031,0.176,1
0.382,0.354,0.381,0.452,0.356,0.358,0.436,0.401,0.39,0.001,0.035,1
0.434,0.39,0.342,0.346,0.387,0.498,0.39,0.386,0.397,0.002,0.047,1
1.531,1.614,2.356,2.794,2.137,5.029,0.685,0.871,2.127,1.649,1.284,1
0.742,0.675,0.481,0.476,0.53,0.599,0.87,0.885,0.657,0.024,0.153,1
0.731,0.886,1.178,1.072,0.751,0.99,1.242,1.342,1.024,0.044,0.211,1
0.213,0.178,0.224,0.195,0.212,0.223,0.33,0.332,0.238,0.003,0.055,1
1.084,1.345,1.711,1.995,1.814,2.048,1.892,2.774,1.833,0.222,0.471,1
1.818,1.354,2.259,0.769,0.156,0.24,0.168,0.176,0.868,0.619,0.787,1
0.171,0.199,0.215,0.182,0.28,0.551,0.741,1.197,0.442,0.119,0.344,1
0.826,0.786,0.716,1.03,1.48,1.59,1.366,1.285,1.135,0.101,0.317,1
0.269,0.264,0.378,0.269,0.268,0.267,0.368,0.255,0.292,0.002,0.047,1
1.053,0.986,1.011,1.234,1.31,1.239,1.171,1.267,1.159,0.014,0.117,1
0.411,0.497,0.677,0.773,0.844,2.012,1.722,2.396,1.166,0.507,0.712,1
0.434,0.39,0.342,0.346,0.387,0.498,0.39,0.386,0.397,0.002,0.047,1
1.634,2.978,3.293,3.376,3.006,3.121,3.044,3.171,2.953,0.265,0.515,1
0.772,0.792,0.897,1.523,1.692,2.096,1.489,2.637,1.487,0.385,0.62,1
0.223,0.367,0.303,1.082,1.293,1.534,1.463,0.293,0.82,0.29,0.539,1
0.593,0.689,0.53,0.65,0.526,0.562,0.58,0.468,0.575,0.004,0.066,1
0.635,0.697,0.637,0.674,0.657,0.657,0.759,4.822,1.192,1.884,1.372,1
0.386,0.389,0.397,0.526,0.554,0.559,0.633,0.554,0.5,0.008,0.089,1
0.474,0.506,0.643,0.771,1.676,1.638,1.52,1.398,1.078,0.243,0.493,1
2.911,3.352,0.876,0.77,0.878,0.644,0.799,0.81,1.38,1.039,1.019,1
0.692,0.809,0.634,0.999,0.942,1.04,0.775,1.001,0.861,0.021,0.145,1
0.219,0.3,0.31,0.87,1.387,1.117,0.894,0.556,0.707,0.16,0.399,1
0.445,0.497,0.718,0.546,0.53,0.542,0.911,0.653,0.605,0.02,0.141,1
0.108,0.216,0.179,0.198,0.206,0.204,0.161,0.218,0.186,0.001,0.035,1
0.706,0.763,0.97,0.827,0.992,0.98,1.018,1.024,0.91,0.014,0.117,1
0.679,2.166,0.865,2.61,0.255,3.555,1.426,1.134,1.586,1.076,1.037,1
0.401,0.817,0.326,0.337,0.385,0.624,0.478,0.133,0.438,0.037,0.194,1
0.124,0.204,0.244,0.091,0.258,0.075,0.244,0.075,0.164,0.006,0.076,1
0.398,0.369,0.392,0.4,0.423,0.451,0.463,0.469,0.421,0.001,0.034,1
0.023,0.111,0.121,0.015,0.013,0.022,0.114,0.089,0.064,0.002,0.046,1
0.531,0.64,0.548,0.527,0.608,0.529,0.599,0.586,0.571,0.002,0.04,1
0.399,0.387,0.407,0.396,0.362,0.409,0.408,0.513,0.41,0.002,0.041,1
0.414,0.337,0.614,0.869,0.871,1.03,3.398,0.842,1.047,0.841,0.917,1
0.009,0.009,0.008,0.009,0.008,0.009,0.009,0.008,0.009,0.0,0.0,1
0.814,0.845,0.563,0.421,0.406,0.414,0.417,0.422,0.538,0.031,0.175,1
2.061,2.113,2.106,2.114,2.223,2.074,2.175,2.186,2.132,0.003,0.053,1
0.076,0.182,0.183,0.08,0.252,1.225,0.343,0.618,0.37,0.131,0.362,1
0.144,0.146,0.147,0.148,0.148,0.152,0.154,0.161,0.15,0.0,0.005,1
0.749,0.876,0.807,0.692,0.638,0.684,1.038,2.601,1.011,0.376,0.613,1
0.192,0.218,0.238,0.244,0.218,0.196,0.107,0.095,0.188,0.003,0.053,1
0.06,0.168,0.099,0.177,0.103,0.157,0.115,0.121,0.125,0.001,0.037,1
0.13,0.05,0.05,0.099,0.135,0.067,1.647,0.168,0.293,0.263,0.513,1
0.208,0.146,0.161,0.14,0.207,0.893,0.883,1.394,0.504,0.205,0.453,1
1.983,1.021,2.171,1.338,0.824,1.036,0.923,1.096,1.299,0.223,0.472,1
0.349,0.57,0.683,0.627,1.017,0.934,0.771,0.639,0.699,0.039,0.197,1
0.902,1.079,1.386,2.877,2.376,2.463,1.202,1.221,1.688,0.503,0.709,1
0.435,0.281,0.209,0.474,0.298,0.456,0.653,0.844,0.456,0.038,0.196,1
0.691,1.083,0.968,1.095,1.015,1.196,0.525,0.671,0.906,0.052,0.227,1
0.214,0.22,0.195,0.262,0.193,0.244,0.98,1.22,0.441,0.149,0.386,1
0.298,0.233,0.202,0.204,0.295,0.299,0.354,0.298,0.273,0.003,0.05,1
5.034,5.074,0.9,0.905,0.93,0.926,0.96,0.948,1.96,3.192,1.787,1
0.237,0.3,0.297,0.304,0.346,0.295,0.314,0.347,0.305,0.001,0.032,1
0.083,0.083,0.083,0.083,0.083,0.083,0.082,0.085,0.083,0.0,0.001,1
0.076,0.006,0.006,0.006,0.006,0.006,0.006,0.055,0.021,0.001,0.026,1
0.766,1.007,0.745,0.663,1.217,0.934,0.747,1.01,0.886,0.031,0.175,1
0.445,0.445,0.463,0.503,0.528,0.554,0.661,0.721,0.54,0.009,0.096,1
0.201,0.25,0.266,0.233,0.203,0.202,0.263,0.224,0.23,0.001,0.025,1
0.108,0.065,0.11,0.066,0.11,0.066,0.11,0.074,0.089,0.0,0.021,1
0.642,0.44,0.537,0.641,0.61,0.828,0.812,0.934,0.68,0.024,0.154,1
0.029,0.029,0.045,0.156,0.25,0.25,0.427,0.225,0.176,0.017,0.131,1
0.54,0.725,0.622,0.808,1.876,1.726,0.472,0.374,0.893,0.293,0.541,1
0.443,0.347,0.501,0.369,0.422,0.5,0.409,0.664,0.457,0.009,0.094,1
0.369,0.433,0.377,0.376,0.44,0.382,0.388,0.451,0.402,0.001,0.031,1
0.261,0.37,0.35,0.343,1.197,3.595,3.754,3.766,1.704,2.479,1.575,1
1.632,1.668,1.059,1.065,1.249,1.178,1.232,1.268,1.294,0.048,0.218,1
0.632,0.838,0.963,0.743,0.65,0.667,0.821,1.13,0.806,0.026,0.162,1
0.022,0.021,0.021,0.021,0.021,0.022,0.023,0.028,0.022,0.0,0.002,1
0.197,0.199,0.196,0.092,0.11,0.192,0.193,0.257,0.18,0.002,0.05,1
0.631,0.601,0.739,0.7,0.75,0.58,0.663,0.593,0.657,0.004,0.062,1
0.179,0.523,0.508,0.5,0.75,1.432,1.16,1.126,0.772,0.159,0.398,1
0.151,0.106,0.138,0.131,0.107,0.163,0.107,0.128,0.129,0.0,0.02,1
0.518,0.521,0.6,0.771,0.986,1.648,1.586,1.685,1.039,0.237,0.487,1
1.194,0.255,0.254,0.182,0.179,0.179,0.176,0.166,0.323,0.109,0.331,1
0.415,0.391,0.429,0.406,0.456,0.559,0.909,1.095,0.582,0.063,0.251,1
0.465,0.495,0.535,0.599,0.692,0.609,0.69,0.64,0.591,0.006,0.08,1
2.415,0.944,0.922,0.886,0.925,1.052,0.955,1.908,1.251,0.294,0.543,1
0.298,0.314,0.271,0.345,0.356,0.476,0.526,1.118,0.463,0.068,0.261,1
0.143,0.143,0.092,0.142,0.146,0.094,0.141,0.146,0.131,0.0,0.022,1
0.02,0.02,0.02,0.02,0.02,0.02,0.019,0.02,0.02,0.0,0.0,1
0.359,0.404,0.768,1.373,0.792,0.488,0.483,0.49,0.645,0.098,0.313,1
0.042,0.01,0.105,0.351,0.371,0.42,0.291,0.244,0.229,0.022,0.147,1
5.704,4.848,6.175,4.171,4.684,4.149,3.927,3.206,4.608,0.819,0.905,1
0.974,1.144,1.647,0.796,0.778,0.878,0.835,0.699,0.969,0.082,0.286,1
0.943,0.981,1.126,0.899,0.603,0.65,0.615,0.636,0.807,0.036,0.191,1
0.054,0.054,0.058,0.071,0.091,0.335,0.621,0.626,0.239,0.057,0.239,1
0.481,0.446,0.54,0.301,0.323,0.747,0.681,0.658,0.522,0.024,0.154,1
0.469,0.632,0.851,0.424,0.458,2.036,1.826,0.632,0.916,0.362,0.602,1
0.182,0.055,0.05,0.059,0.339,0.783,0.832,0.853,0.394,0.118,0.344,1
1.149,0.545,0.486,0.485,0.514,0.634,0.324,0.356,0.562,0.058,0.241,1
0.572,0.496,0.524,0.614,0.703,0.771,0.897,1.05,0.703,0.033,0.181,1
2.915,2.884,2.942,1.595,1.153,1.205,1.085,0.979,1.845,0.713,0.845,1
0.077,0.077,0.078,0.079,0.078,0.078,0.078,0.078,0.078,0.0,0.001,1
0.0,0.0,0.0,0.0,0.0,0.0,0.0,0.0,0.0,0.0,0.0,1
0.89,0.855,0.908,1.165,2.66,3.265,1.123,1.071,1.492,0.755,0.869,1
0.185,0.186,0.186,0.186,0.186,0.186,0.187,0.187,0.186,0.0,0.001,1
0.018,0.018,0.018,0.018,0.018,0.018,0.018,0.018,0.018,0.0,0.0,1
0.881,1.11,1.319,1.136,1.099,1.172,1.342,1.416,1.184,0.025,0.16,1
0.414,0.417,0.419,0.422,0.421,0.422,0.419,0.427,0.42,0.0,0.004,1
0.211,0.21,0.262,0.22,2.238,0.361,0.297,0.342,0.518,0.426,0.653,1
2.748,1.796,2.248,1.525,1.769,1.636,1.612,2.253,1.948,0.158,0.398,1
2.302,2.776,1.93,0.882,0.811,0.922,0.941,0.9,1.433,0.535,0.732,1
0.391,0.425,0.363,0.441,0.37,1.113,2.335,1.534,0.872,0.471,0.686,1
0.457,0.666,0.662,0.687,0.883,0.984,0.991,1.256,0.823,0.056,0.237,1
0.444,0.319,0.431,0.435,0.33,0.785,1.292,3.739,0.972,1.187,1.089,1
0.031,0.02,0.032,0.097,0.078,0.036,0.016,0.045,0.044,0.001,0.027,1
0.05,0.081,0.056,0.057,0.05,0.05,0.078,0.062,0.06,0.0,0.012,1
0.375,0.376,0.643,1.487,2.17,0.664,2.309,0.885,1.114,0.531,0.729,1
0.08,0.025,0.077,0.039,0.04,0.081,0.027,0.056,0.053,0.0,0.022,1
1.278,0.229,0.283,0.384,0.341,0.436,0.67,0.812,0.554,0.109,0.33,1
0.413,0.484,0.554,0.481,0.558,0.689,0.912,1.066,0.645,0.047,0.216,1
0.27,0.263,0.273,0.271,0.263,0.287,0.435,0.421,0.31,0.005,0.068,1
0.18,0.089,0.138,0.11,0.266,1.022,0.495,1.025,0.416,0.138,0.371,1
0.486,0.491,0.528,0.513,0.51,0.543,0.494,0.488,0.507,0.0,0.019,1
0.34,0.227,0.239,0.264,0.274,0.236,0.227,0.251,0.257,0.001,0.035,1
0.911,0.967,1.161,1.173,4.382,4.649,2.189,2.227,2.207,2.009,1.418,1
0.061,0.061,0.061,0.06,0.06,0.06,0.061,0.06,0.06,0.0,0.001,1
0.853,2.177,0.84,1.729,1.677,0.969,0.778,1.018,1.255,0.244,0.494,1
0.157,0.086,0.095,0.149,0.155,0.204,0.127,0.091,0.133,0.001,0.038,1
0.413,0.49,0.532,0.343,0.489,0.416,0.533,0.41,0.453,0.004,0.063,1
0.06,0.168,0.099,0.177,0.103,0.157,0.115,0.121,0.125,0.001,0.037,1
0.764,0.763,0.829,0.825,0.802,1.63,0.703,0.677,0.874,0.084,0.29,1
0.146,0.101,0.183,0.152,0.18,0.103,0.142,0.112,0.14,0.001,0.03,1
1.619,1.734,0.489,0.477,1.463,1.649,0.432,0.739,1.075,0.305,0.552,1
0.464,0.521,0.04,0.438,0.162,0.419,0.447,0.091,0.323,0.032,0.179,1
0.088,0.021,0.087,0.058,0.18,0.121,0.175,0.142,0.109,0.003,0.052,1
1.128,0.871,1.186,1.052,1.111,1.507,2.695,1.95,1.438,0.323,0.568,1
1.533,1.634,1.526,1.503,1.531,1.99,2.81,2.952,1.935,0.322,0.567,1
1.249,1.371,1.379,1.268,1.192,1.289,2.173,0.904,1.353,0.115,0.34,1
1.992,2.067,5.538,2.412,2.02,2.237,2.686,2.346,2.662,1.229,1.108,1
0.181,0.152,0.243,0.304,0.356,0.349,0.336,0.26,0.273,0.005,0.072,1
0.91,0.88,0.936,0.889,0.667,0.787,1.453,1.84,1.045,0.136,0.369,1
0.627,0.63,0.631,0.627,0.645,0.698,0.688,0.687,0.654,0.001,0.029,1
0.006,0.053,0.108,0.111,0.117,0.06,0.006,0.006,0.058,0.002,0.046,1
0.108,0.122,0.191,0.146,0.145,0.207,0.148,0.149,0.152,0.001,0.031,1
0.101,0.186,0.117,0.242,0.303,0.293,0.205,0.314,0.22,0.006,0.077,1
0.437,0.36,0.43,0.457,0.493,0.516,0.48,0.432,0.451,0.002,0.045,1
0.894,0.804,0.939,2.081,1.294,1.852,2.671,2.682,1.652,0.532,0.729,1
0.167,0.177,0.327,0.36,0.496,0.71,1.98,1.825,0.755,0.467,0.683,1
1.259,0.773,0.694,0.813,0.893,0.861,0.908,0.734,0.867,0.027,0.164,1
1.107,1.019,1.043,2.88,1.25,1.046,0.998,1.082,1.303,0.361,0.6,1
1.23,2.09,0.341,0.404,0.442,0.469,0.52,0.432,0.741,0.33,0.574,1
1.204,1.431,1.235,1.217,1.226,1.424,2.652,2.38,1.596,0.294,0.542,1
0.067,0.069,0.069,0.069,0.068,0.07,0.07,0.07,0.069,0.0,0.001,1
0.014,0.014,0.014,0.016,0.017,0.015,0.016,0.017,0.015,0.0,0.001,1
0.964,1.022,1.861,2.997,3.784,3.714,3.601,4.012,2.744,1.418,1.191,1
1.072,0.592,0.621,0.755,0.655,0.633,0.659,0.866,0.732,0.023,0.153,1
1.14,0.94,1.159,1.138,1.111,1.25,1.039,0.895,1.084,0.012,0.111,1
0.277,0.196,0.678,0.403,1.269,2.154,2.04,2.211,1.154,0.674,0.821,1
17.147,17.258,0.866,0.847,0.846,0.872,0.845,0.872,4.944,50.09,7.077,1
0.045,0.088,0.125,0.195,0.143,0.17,1.401,1.578,0.468,0.352,0.593,1
0.35,0.318,0.324,1.717,1.657,5.122,1.152,0.829,1.434,2.229,1.493,1
0.68,0.813,0.915,1.164,0.86,1.23,2.034,1.029,1.091,0.156,0.395,1
1.747,1.769,1.671,1.647,1.645,1.974,3.077,2.211,1.968,0.209,0.457,1
0.039,0.442,0.728,0.761,0.682,0.703,0.868,1.07,0.662,0.083,0.288,1
0.388,2.389,1.539,1.635,0.554,0.558,0.559,0.545,1.021,0.474,0.688,1
0.247,0.212,0.303,0.805,0.494,0.524,0.509,0.47,0.446,0.032,0.179,1
0.111,0.122,0.096,0.142,0.365,2.698,0.343,0.324,0.525,0.686,0.828,1
0.394,0.495,0.501,0.732,1.022,1.077,1.027,1.061,0.789,0.075,0.273,1
0.115,0.093,0.107,0.116,0.083,0.114,0.152,0.284,0.133,0.004,0.06,1
1.015,0.923,0.925,0.955,1.033,1.255,5.794,2.067,1.746,2.469,1.571,1
0.616,0.63,0.525,0.581,1.165,1.192,0.456,0.374,0.692,0.085,0.292,1
1.588,1.596,1.694,2.4,1.766,2.656,2.313,1.769,1.973,0.152,0.39,1
0.196,0.2,0.537,0.947,0.961,0.991,0.973,1.069,0.734,0.118,0.344,1
0.463,0.484,0.492,0.462,0.507,0.462,0.734,0.692,0.537,0.011,0.103,1
0.582,0.593,0.921,0.534,0.573,0.632,0.671,0.638,0.643,0.013,0.112,1
0.423,0.503,3.699,0.433,0.494,0.438,0.536,0.573,0.887,1.132,1.064,1
0.272,0.868,0.859,1.152,1.643,2.529,1.114,1.173,1.201,0.383,0.619,1
0.384,0.404,0.405,0.431,0.358,0.438,0.444,0.41,0.409,0.001,0.027,1
1.491,1.332,2.158,2.017,2.63,2.574,2.561,2.121,2.11,0.211,0.459,1
0.192,0.152,0.094,0.139,0.101,0.065,0.065,0.135,0.118,0.002,0.042,1
0.452,0.25,0.324,0.251,0.439,0.467,0.326,0.251,0.345,0.008,0.089,1
0.482,0.483,0.52,0.536,0.5,0.544,0.485,0.568,0.515,0.001,0.03,1
0.392,0.352,0.388,0.492,0.441,0.527,0.493,0.652,0.467,0.008,0.09,1
0.433,0.469,0.383,0.335,0.459,0.466,1.09,2.143,0.722,0.338,0.581,1
0.027,0.131,0.151,0.062,0.028,0.028,0.028,0.062,0.065,0.002,0.047,1
1.302,2.624,2.578,1.746,1.344,3.058,3.198,1.15,2.125,0.607,0.779,1
0.732,0.834,0.687,0.762,1.81,1.867,1.774,0.936,1.175,0.252,0.502,1
0.547,0.547,0.546,0.553,0.591,0.626,0.626,0.577,0.577,0.001,0.032,1
0.512,1.365,1.731,2.166,2.126,2.112,0.309,0.182,1.313,0.642,0.801,1
0.27,0.271,0.272,0.272,0.272,0.272,0.288,1.044,0.37,0.065,0.255,1
0.513,0.685,1.625,0.652,0.642,0.857,1.665,0.522,0.895,0.197,0.444,1
1.684,1.7,1.97,2.093,2.117,2.468,2.225,2.335,2.074,0.069,0.262,1
0.11,0.146,0.243,0.394,0.412,0.463,0.412,0.478,0.332,0.018,0.136,1
0.063,0.123,0.267,0.24,0.397,0.305,0.82,0.594,0.351,0.055,0.234,1
0.117,0.106,0.292,0.405,0.412,0.451,1.216,1.36,0.545,0.2,0.447,1
0.729,0.677,0.708,0.683,0.906,0.763,0.668,0.627,0.72,0.006,0.08,1
0.514,0.443,0.419,0.434,0.747,0.363,0.989,1.446,0.669,0.125,0.353,1
5.368,6.208,6.15,5.452,5.746,6.278,3.628,4.137,5.371,0.855,0.925,1
0.038,0.078,0.63,0.66,0.663,0.676,0.754,0.971,0.559,0.094,0.306,1
21.347,20.854,5.986,6.008,6.294,6.016,6.129,6.141,9.847,42.238,6.499,1
0.039,0.04,0.04,0.06,0.048,0.04,0.04,0.04,0.043,0.0,0.007,1
0.766,1.007,0.745,0.663,1.217,0.934,0.747,1.01,0.886,0.031,0.175,1
0.445,0.445,0.463,0.503,0.528,0.554,0.661,0.721,0.54,0.009,0.096,1
0.904,0.894,0.859,0.67,0.56,0.603,0.644,0.999,0.767,0.024,0.155,1
1.242,1.285,1.227,1.356,1.22,1.306,1.289,1.27,1.274,0.002,0.042,1
6.152,6.572,7.272,7.372,7.611,6.48,6.537,7.083,6.885,0.234,0.484,1
0.264,0.291,0.247,0.249,0.267,0.219,0.269,0.246,0.256,0.0,0.02,1
0.564,0.675,0.701,0.618,0.624,0.661,0.575,0.606,0.628,0.002,0.045,1
0.184,0.19,0.302,0.372,0.366,0.369,0.374,0.386,0.318,0.006,0.079,1
0.433,0.469,0.383,0.335,0.459,0.466,1.09,2.143,0.722,0.338,0.581,1
7.631,7.422,1.771,1.77,1.758,1.75,1.696,1.768,3.196,6.255,2.501,1
1.251,1.148,0.932,0.885,1.028,0.819,0.856,0.871,0.974,0.021,0.145,1
0.192,0.218,0.238,0.244,0.218,0.196,0.107,0.095,0.188,0.003,0.053,1
0.28,0.357,0.261,0.334,0.731,1.254,0.99,0.258,0.558,0.131,0.362,1
0.408,0.424,0.348,0.338,0.347,0.353,0.436,0.713,0.421,0.013,0.116,1
0.749,0.876,0.807,0.692,0.638,0.684,1.038,2.601,1.011,0.376,0.613,1
6.474,7.466,2.759,2.843,2.328,1.227,2.688,1.196,3.373,4.742,2.178,1
1.632,1.627,2.672,1.6,2.337,2.669,1.844,1.728,2.014,0.193,0.439,1
0.338,0.506,0.6,0.51,0.98,2.019,1.921,1.138,1.002,0.374,0.611,1
0.907,1.086,0.88,0.912,0.936,1.686,0.884,0.997,1.036,0.064,0.254,1
0.874,1.306,1.347,1.377,1.34,1.379,1.469,1.335,1.303,0.028,0.169,1
0.589,0.529,0.573,0.64,0.915,1.67,1.719,0.562,0.9,0.223,0.473,1
0.846,0.975,0.779,0.779,0.792,1.102,1.429,1.169,0.984,0.048,0.22,1
0.065,0.06,0.06,0.067,0.099,0.103,0.142,0.144,0.092,0.001,0.033,1
1.025,0.947,1.316,3.135,0.765,0.721,0.668,0.812,1.174,0.587,0.766,1
1.004,0.915,0.836,0.897,0.829,0.892,0.895,1.099,0.921,0.007,0.084,1
1.413,0.564,0.549,0.551,0.763,0.755,1.33,1.077,0.875,0.109,0.33,1
0.684,0.346,0.342,0.323,0.371,0.306,0.272,0.219,0.358,0.017,0.131,1
0.806,2.161,1.134,0.56,0.464,1.541,2.518,1.93,1.389,0.517,0.719,1
0.075,0.076,0.077,0.078,0.077,0.077,0.077,0.077,0.077,0.0,0.001,1
4.655,2.552,1.92,3.867,3.718,3.779,2.855,3.049,3.299,0.661,0.813,1
2.266,1.856,0.132,0.128,0.163,0.166,0.109,0.137,0.62,0.703,0.839,1
3.613,3.602,3.67,4.654,4.847,4.873,4.659,5.612,4.441,0.475,0.689,1
1.767,1.683,1.675,1.636,1.621,1.642,1.604,1.599,1.653,0.003,0.051,1
2.6,2.582,0.097,0.097,0.096,0.095,0.096,0.096,0.72,1.167,1.08,1
0.324,0.344,0.338,0.346,0.447,1.753,1.754,0.835,0.768,0.349,0.591,1
0.404,0.459,0.427,0.423,0.49,0.454,0.455,0.65,0.47,0.005,0.072,1
0.23,0.115,0.103,0.125,0.126,0.128,0.126,0.126,0.135,0.001,0.037,1
1.859,2.135,1.76,1.706,1.756,1.8,2.01,2.788,1.977,0.112,0.335,1
2.688,2.3,2.181,3.069,1.54,3.046,1.551,2.997,2.422,0.352,0.594,1
0.521,0.462,0.564,0.485,0.376,0.424,0.552,0.732,0.514,0.01,0.101,1
2.289,2.37,2.454,2.653,3.098,4.185,5.016,5.454,3.44,1.409,1.187,1
0.251,0.264,0.275,0.242,0.294,0.64,0.662,0.77,0.425,0.044,0.209,1
0.25,0.161,0.17,0.182,0.258,0.282,0.249,0.295,0.231,0.002,0.049,1
0.159,0.109,0.111,0.187,0.154,0.112,0.13,0.202,0.146,0.001,0.034,1
0.088,0.149,0.173,0.327,0.354,0.339,0.088,0.118,0.205,0.012,0.108,1
0.517,0.656,0.628,0.661,1.048,0.733,0.995,4.044,1.16,1.217,1.103,1
0.008,0.029,0.008,0.008,0.022,0.02,0.008,0.008,0.014,0.0,0.008,1
1.086,1.15,1.147,0.958,1.148,1.297,1.119,1.222,1.141,0.009,0.092,1
0.138,0.183,0.378,0.353,0.583,0.868,1.336,1.01,0.606,0.16,0.4,1
0.131,0.132,0.132,0.133,0.132,0.132,0.131,0.133,0.132,0.0,0.001,1
1.844,0.515,1.076,0.523,0.382,1.158,3.469,0.448,1.177,0.967,0.983,1
0.954,0.721,1.028,1.298,1.18,1.084,1.016,1.184,1.058,0.027,0.164,1
0.364,0.338,0.422,0.34,0.388,0.347,0.452,0.464,0.389,0.002,0.048,1
0.443,0.534,0.557,0.535,1.206,0.416,0.307,0.315,0.539,0.072,0.268,1
0.312,0.278,0.219,0.281,0.215,0.565,0.987,1.413,0.534,0.17,0.412,1
0.669,0.597,0.676,0.702,1.982,2.152,3.184,3.905,1.733,1.458,1.207,1
0.121,0.105,0.105,0.21,0.241,0.237,0.267,0.358,0.206,0.007,0.084,1
1.535,1.384,1.342,1.315,1.241,1.127,1.372,1.645,1.37,0.023,0.151,1
0.402,0.402,0.408,0.408,0.405,0.404,0.4,0.337,0.396,0.001,0.022,1
2.074,2.264,2.762,4.862,3.833,2.491,1.899,2.018,2.775,0.956,0.978,1
3.037,3.109,4.322,2.124,1.963,1.995,1.959,2.017,2.566,0.644,0.803,1
0.908,0.908,0.915,0.913,0.913,0.919,0.915,0.916,0.913,0.0,0.004,1
0.22,0.747,0.82,0.917,0.731,0.835,0.901,0.917,0.761,0.046,0.215,1
0.238,0.238,0.239,0.24,0.24,0.238,0.241,0.316,0.249,0.001,0.025,1
0.048,0.11,0.124,0.142,0.07,0.015,0.015,0.015,0.067,0.002,0.049,1
0.236,0.289,0.487,0.46,0.256,0.282,0.187,0.221,0.302,0.011,0.104,1
0.463,0.529,0.486,0.473,0.514,0.478,0.571,0.584,0.512,0.002,0.043,1
0.73,0.975,1.134,1.104,1.143,1.515,1.429,2.168,1.275,0.167,0.408,1
0.804,0.51,0.466,0.504,0.542,0.549,0.779,0.736,0.611,0.017,0.129,1
0.037,0.116,0.033,0.033,0.033,0.112,0.042,0.033,0.055,0.001,0.034,1
0.184,0.188,0.264,0.294,0.904,1.86,2.073,1.828,0.949,0.616,0.785,1
0.297,0.319,0.297,0.316,0.297,0.38,0.671,0.681,0.407,0.025,0.157,1
0.75,0.769,1.029,0.553,0.533,0.564,0.519,0.637,0.669,0.027,0.163,1
0.219,0.22,0.304,0.275,0.223,0.225,0.227,0.342,0.254,0.002,0.044,1
0.437,0.424,0.665,0.79,0.433,0.388,2.128,0.473,0.717,0.301,0.549,1
0.262,0.318,0.425,0.459,0.427,0.714,2.011,0.784,0.675,0.283,0.532,1
0.158,0.129,0.178,0.14,0.234,0.211,0.236,0.233,0.19,0.002,0.041,1
0.206,0.28,0.288,0.205,0.19,0.33,0.287,0.286,0.259,0.002,0.048,1
0.29,0.302,0.227,0.222,0.224,0.276,0.309,0.228,0.26,0.001,0.036,1
0.037,0.037,0.038,0.039,0.039,0.039,0.038,0.038,0.038,0.0,0.001,1
1.457,0.65,0.579,0.604,0.644,0.595,0.594,0.79,0.739,0.078,0.279,1
0.77,0.732,1.018,0.516,0.604,0.522,0.532,0.745,0.68,0.026,0.162,1
0.922,1.085,0.976,0.726,0.64,0.635,0.588,0.628,0.775,0.032,0.179,1
1.75,1.676,1.941,1.896,1.745,2.207,2.451,2.823,2.061,0.143,0.378,1
0.118,0.181,0.255,0.201,0.13,0.121,0.144,0.142,0.161,0.002,0.045,1
0.046,0.045,0.045,0.079,0.045,0.045,0.045,0.045,0.049,0.0,0.011,1
0.989,0.9,0.896,0.963,0.926,1.224,1.832,1.896,1.203,0.155,0.394,1
0.752,1.126,1.414,0.794,0.726,0.973,0.634,0.655,0.884,0.064,0.253,1
0.401,0.461,0.461,0.441,0.405,0.458,0.519,1.352,0.562,0.09,0.3,1
1.277,0.95,1.144,1.586,1.793,2.401,3.082,3.358,1.949,0.716,0.846,1
0.491,0.579,0.529,0.966,0.547,0.614,0.498,0.667,0.611,0.021,0.145,1
1.024,0.849,1.041,0.951,1.27,0.968,1.854,4.55,1.563,1.362,1.167,1
0.893,0.879,0.87,0.9,0.873,1.352,4.089,4.677,1.817,2.24,1.497,1
1.04,1.163,1.209,1.325,1.648,1.142,1.368,1.536,1.304,0.038,0.194,1
0.435,0.422,0.547,0.563,0.63,2.139,2.77,0.958,1.058,0.699,0.836,1
0.377,0.237,0.224,0.332,0.374,0.407,0.333,0.33,0.327,0.004,0.061,1
0.076,0.082,0.084,0.084,0.084,0.084,0.085,0.089,0.083,0.0,0.003,1
0.021,0.222,0.022,0.021,0.202,0.105,0.117,0.229,0.117,0.007,0.085,1
0.059,0.037,0.037,0.1,0.037,0.037,0.086,0.049,0.055,0.001,0.023,1
0.794,0.787,0.685,0.776,0.883,0.324,0.317,0.372,0.617,0.05,0.223,1
0.063,0.097,0.063,0.097,0.063,0.105,0.26,0.786,0.192,0.054,0.233,1
